*
* Meerpeilgolven van het Veluwerandmeer 
*
* Aan de getallen in dit bestand mag geen officiële status toegekend worden! 
*
* Dit bestand is gemaakt door Matthijs Duits van 'HKV lijn in water' op 26 augustus 2008.  
* De getallen zijn gebaseerd op de topduren en overschrijdingsfrequenties van het Veluwerandmeer
*  zoals deze op 31 oktober 2007 zijn afgeleid door C.P.M. Geerse van HKV lijn in water
*
* De eerste kolom bevat tijdstippen in de meerpeilgolf in uren.
* De eerste rij bevat piekwaarden van de golven in m+NAP
* De overige rijen en kolommen bevatten de meerpeilgolven in m+NAP
* waarbij de kolommen de meerpeilgolven bevatten.
*
* De eerste regel van het bestand bestaat uit twee getallen:
* 1) het aantal tijdstappen in een meerpeilgolf
* 2) het aantal meerpeilniveaus in een golf
    121     37
        -0.300  -0.250  -0.200  -0.150  -0.100  -0.050   0.000   0.050   0.100   0.150   0.200   0.250   0.300   0.350   0.400   0.450   0.500   0.550   0.600   0.650   0.700   0.750   0.800   0.850   0.900   0.950   1.000   1.050   1.100   1.150   1.200   1.250   1.300   1.350   1.400   1.450   1.500
   0.0 -0.3000 -0.3000 -0.3000 -0.3000 -0.3000 -0.3000 -0.3000 -0.3000 -0.3000 -0.3000 -0.3000 -0.3000 -0.3000 -0.3000 -0.3000 -0.3000 -0.3000 -0.3000 -0.3000 -0.3000 -0.3000 -0.3000 -0.3000 -0.3000 -0.3000 -0.3000 -0.3000 -0.3000 -0.3000 -0.3000 -0.3000 -0.3000 -0.3000 -0.3000 -0.3000 -0.3000 -0.3000
  12.0 -0.3000 -0.2956 -0.2956 -0.2956 -0.2956 -0.2956 -0.2947 -0.2939 -0.2930 -0.2921 -0.2912 -0.2904 -0.2895 -0.2886 -0.2877 -0.2868 -0.2860 -0.2851 -0.2842 -0.2833 -0.2825 -0.2816 -0.2807 -0.2798 -0.2789 -0.2781 -0.2772 -0.2763 -0.2754 -0.2746 -0.2737 -0.2728 -0.2719 -0.2711 -0.2702 -0.2693 -0.2684
  24.0 -0.3000 -0.2912 -0.2912 -0.2912 -0.2912 -0.2912 -0.2895 -0.2877 -0.2860 -0.2842 -0.2825 -0.2807 -0.2789 -0.2772 -0.2754 -0.2737 -0.2719 -0.2702 -0.2684 -0.2667 -0.2649 -0.2632 -0.2614 -0.2596 -0.2579 -0.2561 -0.2544 -0.2526 -0.2509 -0.2491 -0.2474 -0.2456 -0.2439 -0.2421 -0.2404 -0.2386 -0.2368
  36.0 -0.3000 -0.2868 -0.2868 -0.2868 -0.2868 -0.2868 -0.2842 -0.2816 -0.2789 -0.2763 -0.2737 -0.2711 -0.2684 -0.2658 -0.2632 -0.2605 -0.2579 -0.2553 -0.2526 -0.2500 -0.2474 -0.2447 -0.2421 -0.2395 -0.2368 -0.2342 -0.2316 -0.2289 -0.2263 -0.2237 -0.2211 -0.2184 -0.2158 -0.2132 -0.2105 -0.2079 -0.2053
  48.0 -0.3000 -0.2825 -0.2825 -0.2825 -0.2825 -0.2825 -0.2789 -0.2754 -0.2719 -0.2684 -0.2649 -0.2614 -0.2579 -0.2544 -0.2509 -0.2474 -0.2439 -0.2404 -0.2368 -0.2333 -0.2298 -0.2263 -0.2228 -0.2193 -0.2158 -0.2123 -0.2088 -0.2053 -0.2018 -0.1982 -0.1947 -0.1912 -0.1877 -0.1842 -0.1807 -0.1772 -0.1737
  60.0 -0.3000 -0.2781 -0.2781 -0.2781 -0.2781 -0.2781 -0.2737 -0.2693 -0.2649 -0.2605 -0.2561 -0.2518 -0.2474 -0.2430 -0.2386 -0.2342 -0.2298 -0.2254 -0.2211 -0.2167 -0.2123 -0.2079 -0.2035 -0.1991 -0.1947 -0.1904 -0.1860 -0.1816 -0.1772 -0.1728 -0.1684 -0.1640 -0.1596 -0.1553 -0.1509 -0.1465 -0.1421
  72.0 -0.3000 -0.2737 -0.2737 -0.2737 -0.2737 -0.2737 -0.2684 -0.2632 -0.2579 -0.2526 -0.2474 -0.2421 -0.2368 -0.2316 -0.2263 -0.2211 -0.2158 -0.2105 -0.2053 -0.2000 -0.1947 -0.1895 -0.1842 -0.1789 -0.1737 -0.1684 -0.1632 -0.1579 -0.1526 -0.1474 -0.1421 -0.1368 -0.1316 -0.1263 -0.1211 -0.1158 -0.1105
  84.0 -0.3000 -0.2693 -0.2693 -0.2693 -0.2693 -0.2693 -0.2632 -0.2570 -0.2509 -0.2447 -0.2386 -0.2325 -0.2263 -0.2202 -0.2140 -0.2079 -0.2018 -0.1956 -0.1895 -0.1833 -0.1772 -0.1711 -0.1649 -0.1588 -0.1526 -0.1465 -0.1404 -0.1342 -0.1281 -0.1219 -0.1158 -0.1096 -0.1035 -0.0974 -0.0912 -0.0851 -0.0789
  96.0 -0.3000 -0.2649 -0.2649 -0.2649 -0.2649 -0.2649 -0.2579 -0.2509 -0.2439 -0.2368 -0.2298 -0.2228 -0.2158 -0.2088 -0.2018 -0.1947 -0.1877 -0.1807 -0.1737 -0.1667 -0.1596 -0.1526 -0.1456 -0.1386 -0.1316 -0.1246 -0.1175 -0.1105 -0.1035 -0.0965 -0.0895 -0.0825 -0.0754 -0.0684 -0.0614 -0.0544 -0.0474
 108.0 -0.3000 -0.2605 -0.2605 -0.2605 -0.2605 -0.2605 -0.2526 -0.2447 -0.2368 -0.2289 -0.2211 -0.2132 -0.2053 -0.1974 -0.1895 -0.1816 -0.1737 -0.1658 -0.1579 -0.1500 -0.1421 -0.1342 -0.1263 -0.1184 -0.1105 -0.1026 -0.0947 -0.0868 -0.0789 -0.0711 -0.0632 -0.0553 -0.0474 -0.0395 -0.0316 -0.0237 -0.0158
 120.0 -0.3000 -0.2561 -0.2561 -0.2561 -0.2561 -0.2561 -0.2474 -0.2386 -0.2298 -0.2211 -0.2123 -0.2035 -0.1947 -0.1860 -0.1772 -0.1684 -0.1596 -0.1509 -0.1421 -0.1333 -0.1246 -0.1158 -0.1070 -0.0982 -0.0895 -0.0807 -0.0719 -0.0632 -0.0544 -0.0456 -0.0368 -0.0281 -0.0193 -0.0105 -0.0018  0.0070  0.0158
 132.0 -0.3000 -0.2518 -0.2518 -0.2518 -0.2518 -0.2518 -0.2421 -0.2325 -0.2228 -0.2132 -0.2035 -0.1939 -0.1842 -0.1746 -0.1649 -0.1553 -0.1456 -0.1360 -0.1263 -0.1167 -0.1070 -0.0974 -0.0877 -0.0781 -0.0684 -0.0588 -0.0491 -0.0395 -0.0298 -0.0202 -0.0105 -0.0009  0.0088  0.0184  0.0281  0.0377  0.0474
 144.0 -0.3000 -0.2500 -0.2474 -0.2474 -0.2474 -0.2474 -0.2368 -0.2263 -0.2158 -0.2053 -0.1947 -0.1842 -0.1737 -0.1632 -0.1526 -0.1421 -0.1316 -0.1211 -0.1105 -0.1000 -0.0895 -0.0789 -0.0684 -0.0579 -0.0474 -0.0368 -0.0263 -0.0158 -0.0053  0.0053  0.0158  0.0263  0.0368  0.0474  0.0579  0.0684  0.0789
 156.0 -0.3000 -0.2500 -0.2430 -0.2430 -0.2430 -0.2430 -0.2316 -0.2202 -0.2088 -0.1974 -0.1860 -0.1746 -0.1632 -0.1518 -0.1404 -0.1289 -0.1175 -0.1061 -0.0947 -0.0833 -0.0719 -0.0605 -0.0491 -0.0377 -0.0263 -0.0149 -0.0035  0.0079  0.0193  0.0307  0.0421  0.0535  0.0649  0.0763  0.0877  0.0991  0.1105
 168.0 -0.3000 -0.2500 -0.2386 -0.2386 -0.2386 -0.2386 -0.2263 -0.2140 -0.2018 -0.1895 -0.1772 -0.1649 -0.1526 -0.1404 -0.1281 -0.1158 -0.1035 -0.0912 -0.0789 -0.0667 -0.0544 -0.0421 -0.0298 -0.0175 -0.0053  0.0070  0.0193  0.0316  0.0439  0.0561  0.0684  0.0807  0.0930  0.1053  0.1175  0.1298  0.1421
 180.0 -0.3000 -0.2500 -0.2342 -0.2342 -0.2342 -0.2342 -0.2211 -0.2079 -0.1947 -0.1816 -0.1684 -0.1553 -0.1421 -0.1289 -0.1158 -0.1026 -0.0895 -0.0763 -0.0632 -0.0500 -0.0368 -0.0237 -0.0105  0.0026  0.0158  0.0289  0.0421  0.0553  0.0684  0.0816  0.0947  0.1079  0.1211  0.1342  0.1474  0.1605  0.1737
 192.0 -0.3000 -0.2500 -0.2298 -0.2298 -0.2298 -0.2298 -0.2158 -0.2018 -0.1877 -0.1737 -0.1596 -0.1456 -0.1316 -0.1175 -0.1035 -0.0895 -0.0754 -0.0614 -0.0474 -0.0333 -0.0193 -0.0053  0.0088  0.0228  0.0368  0.0509  0.0649  0.0789  0.0930  0.1070  0.1211  0.1351  0.1491  0.1632  0.1772  0.1912  0.2053
 204.0 -0.3000 -0.2500 -0.2254 -0.2254 -0.2254 -0.2254 -0.2105 -0.1956 -0.1807 -0.1658 -0.1509 -0.1360 -0.1211 -0.1061 -0.0912 -0.0763 -0.0614 -0.0465 -0.0316 -0.0167 -0.0018  0.0132  0.0281  0.0430  0.0579  0.0728  0.0877  0.1026  0.1175  0.1325  0.1474  0.1623  0.1772  0.1921  0.2070  0.2219  0.2368
 216.0 -0.3000 -0.2500 -0.2211 -0.2211 -0.2211 -0.2211 -0.2053 -0.1895 -0.1737 -0.1579 -0.1421 -0.1263 -0.1105 -0.0947 -0.0789 -0.0632 -0.0474 -0.0316 -0.0158  0.0000  0.0158  0.0316  0.0474  0.0632  0.0789  0.0947  0.1105  0.1263  0.1421  0.1579  0.1737  0.1895  0.2053  0.2211  0.2368  0.2526  0.2684
 228.0 -0.3000 -0.2500 -0.2167 -0.2167 -0.2167 -0.2167 -0.2000 -0.1833 -0.1667 -0.1500 -0.1333 -0.1167 -0.1000 -0.0833 -0.0667 -0.0500 -0.0333 -0.0167  0.0000  0.0167  0.0333  0.0500  0.0667  0.0833  0.1000  0.1167  0.1333  0.1500  0.1667  0.1833  0.2000  0.2167  0.2333  0.2500  0.2667  0.2833  0.3000
 240.0 -0.3000 -0.2500 -0.2123 -0.2123 -0.2123 -0.2123 -0.1947 -0.1772 -0.1596 -0.1421 -0.1246 -0.1070 -0.0895 -0.0719 -0.0544 -0.0368 -0.0193 -0.0018  0.0158  0.0333  0.0509  0.0684  0.0860  0.1035  0.1211  0.1386  0.1561  0.1737  0.1912  0.2088  0.2263  0.2439  0.2614  0.2789  0.2965  0.3140  0.3316
 252.0 -0.3000 -0.2500 -0.2079 -0.2079 -0.2079 -0.2079 -0.1895 -0.1711 -0.1526 -0.1342 -0.1158 -0.0974 -0.0789 -0.0605 -0.0421 -0.0237 -0.0053  0.0132  0.0316  0.0500  0.0684  0.0868  0.1053  0.1237  0.1421  0.1605  0.1789  0.1974  0.2158  0.2342  0.2526  0.2711  0.2895  0.3079  0.3263  0.3447  0.3632
 264.0 -0.3000 -0.2500 -0.2035 -0.2035 -0.2035 -0.2035 -0.1842 -0.1649 -0.1456 -0.1263 -0.1070 -0.0877 -0.0684 -0.0491 -0.0298 -0.0105  0.0088  0.0281  0.0474  0.0667  0.0860  0.1053  0.1246  0.1439  0.1632  0.1825  0.2018  0.2211  0.2404  0.2596  0.2789  0.2982  0.3175  0.3368  0.3561  0.3754  0.3947
 276.0 -0.3000 -0.2500 -0.2000 -0.1991 -0.1991 -0.1991 -0.1789 -0.1588 -0.1386 -0.1184 -0.0982 -0.0781 -0.0579 -0.0377 -0.0175  0.0026  0.0228  0.0430  0.0632  0.0833  0.1035  0.1237  0.1439  0.1640  0.1842  0.2044  0.2246  0.2447  0.2649  0.2851  0.3053  0.3254  0.3456  0.3658  0.3860  0.4061  0.4263
 288.0 -0.3000 -0.2500 -0.2000 -0.1947 -0.1947 -0.1947 -0.1737 -0.1526 -0.1316 -0.1105 -0.0895 -0.0684 -0.0474 -0.0263 -0.0053  0.0158  0.0368  0.0579  0.0789  0.1000  0.1211  0.1421  0.1632  0.1842  0.2053  0.2263  0.2474  0.2684  0.2895  0.3105  0.3316  0.3526  0.3737  0.3947  0.4158  0.4368  0.4579
 300.0 -0.3000 -0.2500 -0.2000 -0.1904 -0.1904 -0.1904 -0.1684 -0.1465 -0.1246 -0.1026 -0.0807 -0.0588 -0.0368 -0.0149  0.0070  0.0289  0.0509  0.0728  0.0947  0.1167  0.1386  0.1605  0.1825  0.2044  0.2263  0.2482  0.2702  0.2921  0.3140  0.3360  0.3579  0.3798  0.4018  0.4237  0.4456  0.4675  0.4895
 312.0 -0.3000 -0.2500 -0.2000 -0.1860 -0.1860 -0.1860 -0.1632 -0.1404 -0.1175 -0.0947 -0.0719 -0.0491 -0.0263 -0.0035  0.0193  0.0421  0.0649  0.0877  0.1105  0.1333  0.1561  0.1789  0.2018  0.2246  0.2474  0.2702  0.2930  0.3158  0.3386  0.3614  0.3842  0.4070  0.4298  0.4526  0.4754  0.4982  0.5211
 324.0 -0.3000 -0.2500 -0.2000 -0.1816 -0.1816 -0.1816 -0.1579 -0.1342 -0.1105 -0.0868 -0.0632 -0.0395 -0.0158  0.0079  0.0316  0.0553  0.0789  0.1026  0.1263  0.1500  0.1737  0.1974  0.2211  0.2447  0.2684  0.2921  0.3158  0.3395  0.3632  0.3868  0.4105  0.4342  0.4579  0.4816  0.5053  0.5289  0.5526
 336.0 -0.3000 -0.2500 -0.2000 -0.1772 -0.1772 -0.1772 -0.1526 -0.1281 -0.1035 -0.0789 -0.0544 -0.0298 -0.0053  0.0193  0.0439  0.0684  0.0930  0.1175  0.1421  0.1667  0.1912  0.2158  0.2404  0.2649  0.2895  0.3140  0.3386  0.3632  0.3877  0.4123  0.4368  0.4614  0.4860  0.5105  0.5351  0.5596  0.5842
 348.0 -0.3000 -0.2500 -0.2000 -0.1728 -0.1728 -0.1728 -0.1474 -0.1219 -0.0965 -0.0711 -0.0456 -0.0202  0.0053  0.0307  0.0561  0.0816  0.1070  0.1325  0.1579  0.1833  0.2088  0.2342  0.2596  0.2851  0.3105  0.3360  0.3614  0.3868  0.4123  0.4377  0.4632  0.4886  0.5140  0.5395  0.5649  0.5904  0.6158
 360.0 -0.3000 -0.2500 -0.2000 -0.1684 -0.1684 -0.1684 -0.1421 -0.1158 -0.0895 -0.0632 -0.0368 -0.0105  0.0158  0.0421  0.0684  0.0947  0.1211  0.1474  0.1737  0.2000  0.2263  0.2526  0.2789  0.3053  0.3316  0.3579  0.3842  0.4105  0.4368  0.4632  0.4895  0.5158  0.5421  0.5684  0.5947  0.6211  0.6474
 372.0 -0.3000 -0.2500 -0.2000 -0.1640 -0.1640 -0.1640 -0.1368 -0.1096 -0.0825 -0.0553 -0.0281 -0.0009  0.0263  0.0535  0.0807  0.1079  0.1351  0.1623  0.1895  0.2167  0.2439  0.2711  0.2982  0.3254  0.3526  0.3798  0.4070  0.4342  0.4614  0.4886  0.5158  0.5430  0.5702  0.5974  0.6246  0.6518  0.6789
 384.0 -0.3000 -0.2500 -0.2000 -0.1596 -0.1596 -0.1596 -0.1316 -0.1035 -0.0754 -0.0474 -0.0193  0.0088  0.0368  0.0649  0.0930  0.1211  0.1491  0.1772  0.2053  0.2333  0.2614  0.2895  0.3175  0.3456  0.3737  0.4018  0.4298  0.4579  0.4860  0.5140  0.5421  0.5702  0.5982  0.6263  0.6544  0.6825  0.7105
 396.0 -0.3000 -0.2500 -0.2000 -0.1553 -0.1553 -0.1553 -0.1263 -0.0974 -0.0684 -0.0395 -0.0105  0.0184  0.0474  0.0763  0.1053  0.1342  0.1632  0.1921  0.2211  0.2500  0.2789  0.3079  0.3368  0.3658  0.3947  0.4237  0.4526  0.4816  0.5105  0.5395  0.5684  0.5974  0.6263  0.6553  0.6842  0.7132  0.7421
 408.0 -0.3000 -0.2500 -0.2000 -0.1509 -0.1509 -0.1509 -0.1211 -0.0912 -0.0614 -0.0316 -0.0018  0.0281  0.0579  0.0877  0.1175  0.1474  0.1772  0.2070  0.2368  0.2667  0.2965  0.3263  0.3561  0.3860  0.4158  0.4456  0.4754  0.5053  0.5351  0.5649  0.5947  0.6246  0.6544  0.6842  0.7140  0.7439  0.7737
 420.0 -0.3000 -0.2500 -0.2000 -0.1500 -0.1465 -0.1465 -0.1158 -0.0851 -0.0544 -0.0237  0.0070  0.0377  0.0684  0.0991  0.1298  0.1605  0.1912  0.2219  0.2526  0.2833  0.3140  0.3447  0.3754  0.4061  0.4368  0.4675  0.4982  0.5289  0.5596  0.5904  0.6211  0.6518  0.6825  0.7132  0.7439  0.7746  0.8053
 432.0 -0.3000 -0.2500 -0.2000 -0.1500 -0.1421 -0.1421 -0.1105 -0.0789 -0.0474 -0.0158  0.0158  0.0474  0.0789  0.1105  0.1421  0.1737  0.2053  0.2368  0.2684  0.3000  0.3316  0.3632  0.3947  0.4263  0.4579  0.4895  0.5211  0.5526  0.5842  0.6158  0.6474  0.6789  0.7105  0.7421  0.7737  0.8053  0.8368
 444.0 -0.3000 -0.2500 -0.2000 -0.1500 -0.1377 -0.1377 -0.1053 -0.0728 -0.0404 -0.0079  0.0246  0.0570  0.0895  0.1219  0.1544  0.1868  0.2193  0.2518  0.2842  0.3167  0.3491  0.3816  0.4140  0.4465  0.4789  0.5114  0.5439  0.5763  0.6088  0.6412  0.6737  0.7061  0.7386  0.7711  0.8035  0.8360  0.8684
 456.0 -0.3000 -0.2500 -0.2000 -0.1500 -0.1333 -0.1333 -0.1000 -0.0667 -0.0333  0.0000  0.0333  0.0667  0.1000  0.1333  0.1667  0.2000  0.2333  0.2667  0.3000  0.3333  0.3667  0.4000  0.4333  0.4667  0.5000  0.5333  0.5667  0.6000  0.6333  0.6667  0.7000  0.7333  0.7667  0.8000  0.8333  0.8667  0.9000
 468.0 -0.3000 -0.2500 -0.2000 -0.1500 -0.1289 -0.1289 -0.0947 -0.0605 -0.0263  0.0079  0.0421  0.0763  0.1105  0.1447  0.1789  0.2132  0.2474  0.2816  0.3158  0.3500  0.3842  0.4184  0.4526  0.4868  0.5211  0.5553  0.5895  0.6237  0.6579  0.6921  0.7263  0.7605  0.7947  0.8289  0.8632  0.8974  0.9316
 480.0 -0.3000 -0.2500 -0.2000 -0.1500 -0.1246 -0.1246 -0.0895 -0.0544 -0.0193  0.0158  0.0509  0.0860  0.1211  0.1561  0.1912  0.2263  0.2614  0.2965  0.3316  0.3667  0.4018  0.4368  0.4719  0.5070  0.5421  0.5772  0.6123  0.6474  0.6825  0.7175  0.7526  0.7877  0.8228  0.8579  0.8930  0.9281  0.9632
 492.0 -0.3000 -0.2500 -0.2000 -0.1500 -0.1202 -0.1202 -0.0842 -0.0482 -0.0123  0.0237  0.0596  0.0956  0.1316  0.1675  0.2035  0.2395  0.2754  0.3114  0.3474  0.3833  0.4193  0.4553  0.4912  0.5272  0.5632  0.5991  0.6351  0.6711  0.7070  0.7430  0.7789  0.8149  0.8509  0.8868  0.9228  0.9588  0.9947
 504.0 -0.3000 -0.2500 -0.2000 -0.1500 -0.1158 -0.1158 -0.0789 -0.0421 -0.0053  0.0316  0.0684  0.1053  0.1421  0.1789  0.2158  0.2526  0.2895  0.3263  0.3632  0.4000  0.4368  0.4737  0.5105  0.5474  0.5842  0.6211  0.6579  0.6947  0.7316  0.7684  0.8053  0.8421  0.8789  0.9158  0.9526  0.9895  1.0263
 516.0 -0.3000 -0.2500 -0.2000 -0.1500 -0.1114 -0.1114 -0.0737 -0.0360  0.0018  0.0395  0.0772  0.1149  0.1526  0.1904  0.2281  0.2658  0.3035  0.3412  0.3789  0.4167  0.4544  0.4921  0.5298  0.5675  0.6053  0.6430  0.6807  0.7184  0.7561  0.7939  0.8316  0.8693  0.9070  0.9447  0.9825  1.0202  1.0579
 528.0 -0.3000 -0.2500 -0.2000 -0.1500 -0.1070 -0.1070 -0.0684 -0.0298  0.0088  0.0474  0.0860  0.1246  0.1632  0.2018  0.2404  0.2789  0.3175  0.3561  0.3947  0.4333  0.4719  0.5105  0.5491  0.5877  0.6263  0.6649  0.7035  0.7421  0.7807  0.8193  0.8579  0.8965  0.9351  0.9737  1.0123  1.0509  1.0895
 540.0 -0.3000 -0.2500 -0.2000 -0.1500 -0.1026 -0.1026 -0.0632 -0.0237  0.0158  0.0553  0.0947  0.1342  0.1737  0.2132  0.2526  0.2921  0.3316  0.3711  0.4105  0.4500  0.4895  0.5289  0.5684  0.6079  0.6474  0.6868  0.7263  0.7658  0.8053  0.8447  0.8842  0.9237  0.9632  1.0026  1.0421  1.0816  1.1211
 552.0 -0.3000 -0.2500 -0.2000 -0.1500 -0.1000 -0.0982 -0.0579 -0.0175  0.0228  0.0632  0.1035  0.1439  0.1842  0.2246  0.2649  0.3053  0.3456  0.3860  0.4263  0.4667  0.5070  0.5474  0.5877  0.6281  0.6684  0.7088  0.7491  0.7895  0.8298  0.8702  0.9105  0.9509  0.9912  1.0316  1.0719  1.1123  1.1526
 564.0 -0.3000 -0.2500 -0.2000 -0.1500 -0.1000 -0.0939 -0.0526 -0.0114  0.0298  0.0711  0.1123  0.1535  0.1947  0.2360  0.2772  0.3184  0.3596  0.4009  0.4421  0.4833  0.5246  0.5658  0.6070  0.6482  0.6895  0.7307  0.7719  0.8132  0.8544  0.8956  0.9368  0.9781  1.0193  1.0605  1.1018  1.1430  1.1842
 576.0 -0.3000 -0.2500 -0.2000 -0.1500 -0.1000 -0.0895 -0.0474 -0.0053  0.0368  0.0789  0.1211  0.1632  0.2053  0.2474  0.2895  0.3316  0.3737  0.4158  0.4579  0.5000  0.5421  0.5842  0.6263  0.6684  0.7105  0.7526  0.7947  0.8368  0.8789  0.9211  0.9632  1.0053  1.0474  1.0895  1.1316  1.1737  1.2158
 588.0 -0.3000 -0.2500 -0.2000 -0.1500 -0.1000 -0.0851 -0.0421  0.0009  0.0439  0.0868  0.1298  0.1728  0.2158  0.2588  0.3018  0.3447  0.3877  0.4307  0.4737  0.5167  0.5596  0.6026  0.6456  0.6886  0.7316  0.7746  0.8175  0.8605  0.9035  0.9465  0.9895  1.0325  1.0754  1.1184  1.1614  1.2044  1.2474
 600.0 -0.3000 -0.2500 -0.2000 -0.1500 -0.1000 -0.0807 -0.0368  0.0070  0.0509  0.0947  0.1386  0.1825  0.2263  0.2702  0.3140  0.3579  0.4018  0.4456  0.4895  0.5333  0.5772  0.6211  0.6649  0.7088  0.7526  0.7965  0.8404  0.8842  0.9281  0.9719  1.0158  1.0596  1.1035  1.1474  1.1912  1.2351  1.2789
 612.0 -0.3000 -0.2500 -0.2000 -0.1500 -0.1000 -0.0763 -0.0316  0.0132  0.0579  0.1026  0.1474  0.1921  0.2368  0.2816  0.3263  0.3711  0.4158  0.4605  0.5053  0.5500  0.5947  0.6395  0.6842  0.7289  0.7737  0.8184  0.8632  0.9079  0.9526  0.9974  1.0421  1.0868  1.1316  1.1763  1.2211  1.2658  1.3105
 624.0 -0.3000 -0.2500 -0.2000 -0.1500 -0.1000 -0.0719 -0.0263  0.0193  0.0649  0.1105  0.1561  0.2018  0.2474  0.2930  0.3386  0.3842  0.4298  0.4754  0.5211  0.5667  0.6123  0.6579  0.7035  0.7491  0.7947  0.8404  0.8860  0.9316  0.9772  1.0228  1.0684  1.1140  1.1596  1.2053  1.2509  1.2965  1.3421
 636.0 -0.3000 -0.2500 -0.2000 -0.1500 -0.1000 -0.0675 -0.0211  0.0254  0.0719  0.1184  0.1649  0.2114  0.2579  0.3044  0.3509  0.3974  0.4439  0.4904  0.5368  0.5833  0.6298  0.6763  0.7228  0.7693  0.8158  0.8623  0.9088  0.9553  1.0018  1.0482  1.0947  1.1412  1.1877  1.2342  1.2807  1.3272  1.3737
 648.0 -0.3000 -0.2500 -0.2000 -0.1500 -0.1000 -0.0632 -0.0158  0.0316  0.0789  0.1263  0.1737  0.2211  0.2684  0.3158  0.3632  0.4105  0.4579  0.5053  0.5526  0.6000  0.6474  0.6947  0.7421  0.7895  0.8368  0.8842  0.9316  0.9789  1.0263  1.0737  1.1211  1.1684  1.2158  1.2632  1.3105  1.3579  1.4053
 660.0 -0.3000 -0.2500 -0.2000 -0.1500 -0.1000 -0.0588 -0.0105  0.0377  0.0860  0.1342  0.1825  0.2307  0.2789  0.3272  0.3754  0.4237  0.4719  0.5202  0.5684  0.6167  0.6649  0.7132  0.7614  0.8096  0.8579  0.9061  0.9544  1.0026  1.0509  1.0991  1.1474  1.1956  1.2439  1.2921  1.3404  1.3886  1.4368
 672.0 -0.3000 -0.2500 -0.2000 -0.1500 -0.1000 -0.0544 -0.0053  0.0439  0.0930  0.1421  0.1912  0.2404  0.2895  0.3386  0.3877  0.4368  0.4860  0.5351  0.5842  0.6333  0.6825  0.7316  0.7807  0.8298  0.8789  0.9281  0.9772  1.0263  1.0754  1.1246  1.1737  1.2228  1.2719  1.3211  1.3702  1.4193  1.4684
 684.0 -0.3000 -0.2500 -0.2000 -0.1500 -0.1000 -0.0500  0.0000  0.0500  0.1000  0.1500  0.2000  0.2500  0.3000  0.3500  0.4000  0.4500  0.5000  0.5500  0.6000  0.6500  0.7000  0.7500  0.8000  0.8500  0.9000  0.9500  1.0000  1.0500  1.1000  1.1500  1.2000  1.2500  1.3000  1.3500  1.4000  1.4500  1.5000
 696.0 -0.3000 -0.2500 -0.2000 -0.1500 -0.1000 -0.0500  0.0000  0.0500  0.1000  0.1500  0.2000  0.2500  0.3000  0.3500  0.4000  0.4500  0.5000  0.5500  0.6000  0.6500  0.7000  0.7500  0.8000  0.8500  0.9000  0.9500  1.0000  1.0500  1.1000  1.1500  1.2000  1.2500  1.3000  1.3500  1.4000  1.4500  1.5000
 708.0 -0.3000 -0.2500 -0.2000 -0.1500 -0.1000 -0.0500  0.0000  0.0500  0.1000  0.1500  0.2000  0.2500  0.3000  0.3500  0.4000  0.4500  0.5000  0.5500  0.6000  0.6500  0.7000  0.7500  0.8000  0.8500  0.9000  0.9500  1.0000  1.0500  1.1000  1.1500  1.2000  1.2500  1.3000  1.3500  1.4000  1.4500  1.5000
 720.0 -0.3000 -0.2500 -0.2000 -0.1500 -0.1000 -0.0500  0.0000  0.0500  0.1000  0.1500  0.2000  0.2500  0.3000  0.3500  0.4000  0.4500  0.5000  0.5500  0.6000  0.6500  0.7000  0.7500  0.8000  0.8500  0.9000  0.9500  1.0000  1.0500  1.1000  1.1500  1.2000  1.2500  1.3000  1.3500  1.4000  1.4500  1.5000
 732.0 -0.3000 -0.2500 -0.2000 -0.1500 -0.1000 -0.0500  0.0000  0.0500  0.1000  0.1500  0.2000  0.2500  0.3000  0.3500  0.4000  0.4500  0.5000  0.5500  0.6000  0.6500  0.7000  0.7500  0.8000  0.8500  0.9000  0.9500  1.0000  1.0500  1.1000  1.1500  1.2000  1.2500  1.3000  1.3500  1.4000  1.4500  1.5000
 744.0 -0.3000 -0.2500 -0.2000 -0.1500 -0.1000 -0.0500  0.0000  0.0500  0.1000  0.1500  0.2000  0.2500  0.3000  0.3500  0.4000  0.4500  0.5000  0.5500  0.6000  0.6500  0.7000  0.7500  0.8000  0.8500  0.9000  0.9500  1.0000  1.0500  1.1000  1.1500  1.2000  1.2500  1.3000  1.3500  1.4000  1.4500  1.5000
 756.0 -0.3000 -0.2500 -0.2000 -0.1500 -0.1000 -0.0500  0.0000  0.0500  0.1000  0.1500  0.2000  0.2500  0.3000  0.3500  0.4000  0.4500  0.5000  0.5500  0.6000  0.6500  0.7000  0.7500  0.8000  0.8500  0.9000  0.9500  1.0000  1.0500  1.1000  1.1500  1.2000  1.2500  1.3000  1.3500  1.4000  1.4500  1.5000
 768.0 -0.3000 -0.2500 -0.2000 -0.1500 -0.1000 -0.0544 -0.0053  0.0439  0.0930  0.1421  0.1912  0.2404  0.2895  0.3386  0.3877  0.4368  0.4860  0.5351  0.5842  0.6333  0.6825  0.7316  0.7807  0.8298  0.8789  0.9281  0.9772  1.0263  1.0754  1.1246  1.1737  1.2228  1.2719  1.3211  1.3702  1.4193  1.4684
 780.0 -0.3000 -0.2500 -0.2000 -0.1500 -0.1000 -0.0588 -0.0105  0.0377  0.0860  0.1342  0.1825  0.2307  0.2789  0.3272  0.3754  0.4237  0.4719  0.5202  0.5684  0.6167  0.6649  0.7132  0.7614  0.8096  0.8579  0.9061  0.9544  1.0026  1.0509  1.0991  1.1474  1.1956  1.2439  1.2921  1.3404  1.3886  1.4368
 792.0 -0.3000 -0.2500 -0.2000 -0.1500 -0.1000 -0.0632 -0.0158  0.0316  0.0789  0.1263  0.1737  0.2211  0.2684  0.3158  0.3632  0.4105  0.4579  0.5053  0.5526  0.6000  0.6474  0.6947  0.7421  0.7895  0.8368  0.8842  0.9316  0.9789  1.0263  1.0737  1.1211  1.1684  1.2158  1.2632  1.3105  1.3579  1.4053
 804.0 -0.3000 -0.2500 -0.2000 -0.1500 -0.1000 -0.0675 -0.0211  0.0254  0.0719  0.1184  0.1649  0.2114  0.2579  0.3044  0.3509  0.3974  0.4439  0.4904  0.5368  0.5833  0.6298  0.6763  0.7228  0.7693  0.8158  0.8623  0.9088  0.9553  1.0018  1.0482  1.0947  1.1412  1.1877  1.2342  1.2807  1.3272  1.3737
 816.0 -0.3000 -0.2500 -0.2000 -0.1500 -0.1000 -0.0719 -0.0263  0.0193  0.0649  0.1105  0.1561  0.2018  0.2474  0.2930  0.3386  0.3842  0.4298  0.4754  0.5211  0.5667  0.6123  0.6579  0.7035  0.7491  0.7947  0.8404  0.8860  0.9316  0.9772  1.0228  1.0684  1.1140  1.1596  1.2053  1.2509  1.2965  1.3421
 828.0 -0.3000 -0.2500 -0.2000 -0.1500 -0.1000 -0.0763 -0.0316  0.0132  0.0579  0.1026  0.1474  0.1921  0.2368  0.2816  0.3263  0.3711  0.4158  0.4605  0.5053  0.5500  0.5947  0.6395  0.6842  0.7289  0.7737  0.8184  0.8632  0.9079  0.9526  0.9974  1.0421  1.0868  1.1316  1.1763  1.2211  1.2658  1.3105
 840.0 -0.3000 -0.2500 -0.2000 -0.1500 -0.1000 -0.0807 -0.0368  0.0070  0.0509  0.0947  0.1386  0.1825  0.2263  0.2702  0.3140  0.3579  0.4018  0.4456  0.4895  0.5333  0.5772  0.6211  0.6649  0.7088  0.7526  0.7965  0.8404  0.8842  0.9281  0.9719  1.0158  1.0596  1.1035  1.1474  1.1912  1.2351  1.2789
 852.0 -0.3000 -0.2500 -0.2000 -0.1500 -0.1000 -0.0851 -0.0421  0.0009  0.0439  0.0868  0.1298  0.1728  0.2158  0.2588  0.3018  0.3447  0.3877  0.4307  0.4737  0.5167  0.5596  0.6026  0.6456  0.6886  0.7316  0.7746  0.8175  0.8605  0.9035  0.9465  0.9895  1.0325  1.0754  1.1184  1.1614  1.2044  1.2474
 864.0 -0.3000 -0.2500 -0.2000 -0.1500 -0.1000 -0.0895 -0.0474 -0.0053  0.0368  0.0789  0.1211  0.1632  0.2053  0.2474  0.2895  0.3316  0.3737  0.4158  0.4579  0.5000  0.5421  0.5842  0.6263  0.6684  0.7105  0.7526  0.7947  0.8368  0.8789  0.9211  0.9632  1.0053  1.0474  1.0895  1.1316  1.1737  1.2158
 876.0 -0.3000 -0.2500 -0.2000 -0.1500 -0.1000 -0.0939 -0.0526 -0.0114  0.0298  0.0711  0.1123  0.1535  0.1947  0.2360  0.2772  0.3184  0.3596  0.4009  0.4421  0.4833  0.5246  0.5658  0.6070  0.6482  0.6895  0.7307  0.7719  0.8132  0.8544  0.8956  0.9368  0.9781  1.0193  1.0605  1.1018  1.1430  1.1842
 888.0 -0.3000 -0.2500 -0.2000 -0.1500 -0.1000 -0.0982 -0.0579 -0.0175  0.0228  0.0632  0.1035  0.1439  0.1842  0.2246  0.2649  0.3053  0.3456  0.3860  0.4263  0.4667  0.5070  0.5474  0.5877  0.6281  0.6684  0.7088  0.7491  0.7895  0.8298  0.8702  0.9105  0.9509  0.9912  1.0316  1.0719  1.1123  1.1526
 900.0 -0.3000 -0.2500 -0.2000 -0.1500 -0.1026 -0.1026 -0.0632 -0.0237  0.0158  0.0553  0.0947  0.1342  0.1737  0.2132  0.2526  0.2921  0.3316  0.3711  0.4105  0.4500  0.4895  0.5289  0.5684  0.6079  0.6474  0.6868  0.7263  0.7658  0.8053  0.8447  0.8842  0.9237  0.9632  1.0026  1.0421  1.0816  1.1211
 912.0 -0.3000 -0.2500 -0.2000 -0.1500 -0.1070 -0.1070 -0.0684 -0.0298  0.0088  0.0474  0.0860  0.1246  0.1632  0.2018  0.2404  0.2789  0.3175  0.3561  0.3947  0.4333  0.4719  0.5105  0.5491  0.5877  0.6263  0.6649  0.7035  0.7421  0.7807  0.8193  0.8579  0.8965  0.9351  0.9737  1.0123  1.0509  1.0895
 924.0 -0.3000 -0.2500 -0.2000 -0.1500 -0.1114 -0.1114 -0.0737 -0.0360  0.0018  0.0395  0.0772  0.1149  0.1526  0.1904  0.2281  0.2658  0.3035  0.3412  0.3789  0.4167  0.4544  0.4921  0.5298  0.5675  0.6053  0.6430  0.6807  0.7184  0.7561  0.7939  0.8316  0.8693  0.9070  0.9447  0.9825  1.0202  1.0579
 936.0 -0.3000 -0.2500 -0.2000 -0.1500 -0.1158 -0.1158 -0.0789 -0.0421 -0.0053  0.0316  0.0684  0.1053  0.1421  0.1789  0.2158  0.2526  0.2895  0.3263  0.3632  0.4000  0.4368  0.4737  0.5105  0.5474  0.5842  0.6211  0.6579  0.6947  0.7316  0.7684  0.8053  0.8421  0.8789  0.9158  0.9526  0.9895  1.0263
 948.0 -0.3000 -0.2500 -0.2000 -0.1500 -0.1202 -0.1202 -0.0842 -0.0482 -0.0123  0.0237  0.0596  0.0956  0.1316  0.1675  0.2035  0.2395  0.2754  0.3114  0.3474  0.3833  0.4193  0.4553  0.4912  0.5272  0.5632  0.5991  0.6351  0.6711  0.7070  0.7430  0.7789  0.8149  0.8509  0.8868  0.9228  0.9588  0.9947
 960.0 -0.3000 -0.2500 -0.2000 -0.1500 -0.1246 -0.1246 -0.0895 -0.0544 -0.0193  0.0158  0.0509  0.0860  0.1211  0.1561  0.1912  0.2263  0.2614  0.2965  0.3316  0.3667  0.4018  0.4368  0.4719  0.5070  0.5421  0.5772  0.6123  0.6474  0.6825  0.7175  0.7526  0.7877  0.8228  0.8579  0.8930  0.9281  0.9632
 972.0 -0.3000 -0.2500 -0.2000 -0.1500 -0.1289 -0.1289 -0.0947 -0.0605 -0.0263  0.0079  0.0421  0.0763  0.1105  0.1447  0.1789  0.2132  0.2474  0.2816  0.3158  0.3500  0.3842  0.4184  0.4526  0.4868  0.5211  0.5553  0.5895  0.6237  0.6579  0.6921  0.7263  0.7605  0.7947  0.8289  0.8632  0.8974  0.9316
 984.0 -0.3000 -0.2500 -0.2000 -0.1500 -0.1333 -0.1333 -0.1000 -0.0667 -0.0333  0.0000  0.0333  0.0667  0.1000  0.1333  0.1667  0.2000  0.2333  0.2667  0.3000  0.3333  0.3667  0.4000  0.4333  0.4667  0.5000  0.5333  0.5667  0.6000  0.6333  0.6667  0.7000  0.7333  0.7667  0.8000  0.8333  0.8667  0.9000
 996.0 -0.3000 -0.2500 -0.2000 -0.1500 -0.1377 -0.1377 -0.1053 -0.0728 -0.0404 -0.0079  0.0246  0.0570  0.0895  0.1219  0.1544  0.1868  0.2193  0.2518  0.2842  0.3167  0.3491  0.3816  0.4140  0.4465  0.4789  0.5114  0.5439  0.5763  0.6088  0.6412  0.6737  0.7061  0.7386  0.7711  0.8035  0.8360  0.8684
1008.0 -0.3000 -0.2500 -0.2000 -0.1500 -0.1421 -0.1421 -0.1105 -0.0789 -0.0474 -0.0158  0.0158  0.0474  0.0789  0.1105  0.1421  0.1737  0.2053  0.2368  0.2684  0.3000  0.3316  0.3632  0.3947  0.4263  0.4579  0.4895  0.5211  0.5526  0.5842  0.6158  0.6474  0.6789  0.7105  0.7421  0.7737  0.8053  0.8368
1020.0 -0.3000 -0.2500 -0.2000 -0.1500 -0.1465 -0.1465 -0.1158 -0.0851 -0.0544 -0.0237  0.0070  0.0377  0.0684  0.0991  0.1298  0.1605  0.1912  0.2219  0.2526  0.2833  0.3140  0.3447  0.3754  0.4061  0.4368  0.4675  0.4982  0.5289  0.5596  0.5904  0.6211  0.6518  0.6825  0.7132  0.7439  0.7746  0.8053
1032.0 -0.3000 -0.2500 -0.2000 -0.1509 -0.1509 -0.1509 -0.1211 -0.0912 -0.0614 -0.0316 -0.0018  0.0281  0.0579  0.0877  0.1175  0.1474  0.1772  0.2070  0.2368  0.2667  0.2965  0.3263  0.3561  0.3860  0.4158  0.4456  0.4754  0.5053  0.5351  0.5649  0.5947  0.6246  0.6544  0.6842  0.7140  0.7439  0.7737
1044.0 -0.3000 -0.2500 -0.2000 -0.1553 -0.1553 -0.1553 -0.1263 -0.0974 -0.0684 -0.0395 -0.0105  0.0184  0.0474  0.0763  0.1053  0.1342  0.1632  0.1921  0.2211  0.2500  0.2789  0.3079  0.3368  0.3658  0.3947  0.4237  0.4526  0.4816  0.5105  0.5395  0.5684  0.5974  0.6263  0.6553  0.6842  0.7132  0.7421
1056.0 -0.3000 -0.2500 -0.2000 -0.1596 -0.1596 -0.1596 -0.1316 -0.1035 -0.0754 -0.0474 -0.0193  0.0088  0.0368  0.0649  0.0930  0.1211  0.1491  0.1772  0.2053  0.2333  0.2614  0.2895  0.3175  0.3456  0.3737  0.4018  0.4298  0.4579  0.4860  0.5140  0.5421  0.5702  0.5982  0.6263  0.6544  0.6825  0.7105
1068.0 -0.3000 -0.2500 -0.2000 -0.1640 -0.1640 -0.1640 -0.1368 -0.1096 -0.0825 -0.0553 -0.0281 -0.0009  0.0263  0.0535  0.0807  0.1079  0.1351  0.1623  0.1895  0.2167  0.2439  0.2711  0.2982  0.3254  0.3526  0.3798  0.4070  0.4342  0.4614  0.4886  0.5158  0.5430  0.5702  0.5974  0.6246  0.6518  0.6789
1080.0 -0.3000 -0.2500 -0.2000 -0.1684 -0.1684 -0.1684 -0.1421 -0.1158 -0.0895 -0.0632 -0.0368 -0.0105  0.0158  0.0421  0.0684  0.0947  0.1211  0.1474  0.1737  0.2000  0.2263  0.2526  0.2789  0.3053  0.3316  0.3579  0.3842  0.4105  0.4368  0.4632  0.4895  0.5158  0.5421  0.5684  0.5947  0.6211  0.6474
1092.0 -0.3000 -0.2500 -0.2000 -0.1728 -0.1728 -0.1728 -0.1474 -0.1219 -0.0965 -0.0711 -0.0456 -0.0202  0.0053  0.0307  0.0561  0.0816  0.1070  0.1325  0.1579  0.1833  0.2088  0.2342  0.2596  0.2851  0.3105  0.3360  0.3614  0.3868  0.4123  0.4377  0.4632  0.4886  0.5140  0.5395  0.5649  0.5904  0.6158
1104.0 -0.3000 -0.2500 -0.2000 -0.1772 -0.1772 -0.1772 -0.1526 -0.1281 -0.1035 -0.0789 -0.0544 -0.0298 -0.0053  0.0193  0.0439  0.0684  0.0930  0.1175  0.1421  0.1667  0.1912  0.2158  0.2404  0.2649  0.2895  0.3140  0.3386  0.3632  0.3877  0.4123  0.4368  0.4614  0.4860  0.5105  0.5351  0.5596  0.5842
1116.0 -0.3000 -0.2500 -0.2000 -0.1816 -0.1816 -0.1816 -0.1579 -0.1342 -0.1105 -0.0868 -0.0632 -0.0395 -0.0158  0.0079  0.0316  0.0553  0.0789  0.1026  0.1263  0.1500  0.1737  0.1974  0.2211  0.2447  0.2684  0.2921  0.3158  0.3395  0.3632  0.3868  0.4105  0.4342  0.4579  0.4816  0.5053  0.5289  0.5526
1128.0 -0.3000 -0.2500 -0.2000 -0.1860 -0.1860 -0.1860 -0.1632 -0.1404 -0.1175 -0.0947 -0.0719 -0.0491 -0.0263 -0.0035  0.0193  0.0421  0.0649  0.0877  0.1105  0.1333  0.1561  0.1789  0.2018  0.2246  0.2474  0.2702  0.2930  0.3158  0.3386  0.3614  0.3842  0.4070  0.4298  0.4526  0.4754  0.4982  0.5211
1140.0 -0.3000 -0.2500 -0.2000 -0.1904 -0.1904 -0.1904 -0.1684 -0.1465 -0.1246 -0.1026 -0.0807 -0.0588 -0.0368 -0.0149  0.0070  0.0289  0.0509  0.0728  0.0947  0.1167  0.1386  0.1605  0.1825  0.2044  0.2263  0.2482  0.2702  0.2921  0.3140  0.3360  0.3579  0.3798  0.4018  0.4237  0.4456  0.4675  0.4895
1152.0 -0.3000 -0.2500 -0.2000 -0.1947 -0.1947 -0.1947 -0.1737 -0.1526 -0.1316 -0.1105 -0.0895 -0.0684 -0.0474 -0.0263 -0.0053  0.0158  0.0368  0.0579  0.0789  0.1000  0.1211  0.1421  0.1632  0.1842  0.2053  0.2263  0.2474  0.2684  0.2895  0.3105  0.3316  0.3526  0.3737  0.3947  0.4158  0.4368  0.4579
1164.0 -0.3000 -0.2500 -0.2000 -0.1991 -0.1991 -0.1991 -0.1789 -0.1588 -0.1386 -0.1184 -0.0982 -0.0781 -0.0579 -0.0377 -0.0175  0.0026  0.0228  0.0430  0.0632  0.0833  0.1035  0.1237  0.1439  0.1640  0.1842  0.2044  0.2246  0.2447  0.2649  0.2851  0.3053  0.3254  0.3456  0.3658  0.3860  0.4061  0.4263
1176.0 -0.3000 -0.2500 -0.2035 -0.2035 -0.2035 -0.2035 -0.1842 -0.1649 -0.1456 -0.1263 -0.1070 -0.0877 -0.0684 -0.0491 -0.0298 -0.0105  0.0088  0.0281  0.0474  0.0667  0.0860  0.1053  0.1246  0.1439  0.1632  0.1825  0.2018  0.2211  0.2404  0.2596  0.2789  0.2982  0.3175  0.3368  0.3561  0.3754  0.3947
1188.0 -0.3000 -0.2500 -0.2079 -0.2079 -0.2079 -0.2079 -0.1895 -0.1711 -0.1526 -0.1342 -0.1158 -0.0974 -0.0789 -0.0605 -0.0421 -0.0237 -0.0053  0.0132  0.0316  0.0500  0.0684  0.0868  0.1053  0.1237  0.1421  0.1605  0.1789  0.1974  0.2158  0.2342  0.2526  0.2711  0.2895  0.3079  0.3263  0.3447  0.3632
1200.0 -0.3000 -0.2500 -0.2123 -0.2123 -0.2123 -0.2123 -0.1947 -0.1772 -0.1596 -0.1421 -0.1246 -0.1070 -0.0895 -0.0719 -0.0544 -0.0368 -0.0193 -0.0018  0.0158  0.0333  0.0509  0.0684  0.0860  0.1035  0.1211  0.1386  0.1561  0.1737  0.1912  0.2088  0.2263  0.2439  0.2614  0.2789  0.2965  0.3140  0.3316
1212.0 -0.3000 -0.2500 -0.2167 -0.2167 -0.2167 -0.2167 -0.2000 -0.1833 -0.1667 -0.1500 -0.1333 -0.1167 -0.1000 -0.0833 -0.0667 -0.0500 -0.0333 -0.0167  0.0000  0.0167  0.0333  0.0500  0.0667  0.0833  0.1000  0.1167  0.1333  0.1500  0.1667  0.1833  0.2000  0.2167  0.2333  0.2500  0.2667  0.2833  0.3000
1224.0 -0.3000 -0.2500 -0.2211 -0.2211 -0.2211 -0.2211 -0.2053 -0.1895 -0.1737 -0.1579 -0.1421 -0.1263 -0.1105 -0.0947 -0.0789 -0.0632 -0.0474 -0.0316 -0.0158  0.0000  0.0158  0.0316  0.0474  0.0632  0.0789  0.0947  0.1105  0.1263  0.1421  0.1579  0.1737  0.1895  0.2053  0.2211  0.2368  0.2526  0.2684
1236.0 -0.3000 -0.2500 -0.2254 -0.2254 -0.2254 -0.2254 -0.2105 -0.1956 -0.1807 -0.1658 -0.1509 -0.1360 -0.1211 -0.1061 -0.0912 -0.0763 -0.0614 -0.0465 -0.0316 -0.0167 -0.0018  0.0132  0.0281  0.0430  0.0579  0.0728  0.0877  0.1026  0.1175  0.1325  0.1474  0.1623  0.1772  0.1921  0.2070  0.2219  0.2368
1248.0 -0.3000 -0.2500 -0.2298 -0.2298 -0.2298 -0.2298 -0.2158 -0.2018 -0.1877 -0.1737 -0.1596 -0.1456 -0.1316 -0.1175 -0.1035 -0.0895 -0.0754 -0.0614 -0.0474 -0.0333 -0.0193 -0.0053  0.0088  0.0228  0.0368  0.0509  0.0649  0.0789  0.0930  0.1070  0.1211  0.1351  0.1491  0.1632  0.1772  0.1912  0.2053
1260.0 -0.3000 -0.2500 -0.2342 -0.2342 -0.2342 -0.2342 -0.2211 -0.2079 -0.1947 -0.1816 -0.1684 -0.1553 -0.1421 -0.1289 -0.1158 -0.1026 -0.0895 -0.0763 -0.0632 -0.0500 -0.0368 -0.0237 -0.0105  0.0026  0.0158  0.0289  0.0421  0.0553  0.0684  0.0816  0.0947  0.1079  0.1211  0.1342  0.1474  0.1605  0.1737
1272.0 -0.3000 -0.2500 -0.2386 -0.2386 -0.2386 -0.2386 -0.2263 -0.2140 -0.2018 -0.1895 -0.1772 -0.1649 -0.1526 -0.1404 -0.1281 -0.1158 -0.1035 -0.0912 -0.0789 -0.0667 -0.0544 -0.0421 -0.0298 -0.0175 -0.0053  0.0070  0.0193  0.0316  0.0439  0.0561  0.0684  0.0807  0.0930  0.1053  0.1175  0.1298  0.1421
1284.0 -0.3000 -0.2500 -0.2430 -0.2430 -0.2430 -0.2430 -0.2316 -0.2202 -0.2088 -0.1974 -0.1860 -0.1746 -0.1632 -0.1518 -0.1404 -0.1289 -0.1175 -0.1061 -0.0947 -0.0833 -0.0719 -0.0605 -0.0491 -0.0377 -0.0263 -0.0149 -0.0035  0.0079  0.0193  0.0307  0.0421  0.0535  0.0649  0.0763  0.0877  0.0991  0.1105
1296.0 -0.3000 -0.2500 -0.2474 -0.2474 -0.2474 -0.2474 -0.2368 -0.2263 -0.2158 -0.2053 -0.1947 -0.1842 -0.1737 -0.1632 -0.1526 -0.1421 -0.1316 -0.1211 -0.1105 -0.1000 -0.0895 -0.0789 -0.0684 -0.0579 -0.0474 -0.0368 -0.0263 -0.0158 -0.0053  0.0053  0.0158  0.0263  0.0368  0.0474  0.0579  0.0684  0.0789
1308.0 -0.3000 -0.2518 -0.2518 -0.2518 -0.2518 -0.2518 -0.2421 -0.2325 -0.2228 -0.2132 -0.2035 -0.1939 -0.1842 -0.1746 -0.1649 -0.1553 -0.1456 -0.1360 -0.1263 -0.1167 -0.1070 -0.0974 -0.0877 -0.0781 -0.0684 -0.0588 -0.0491 -0.0395 -0.0298 -0.0202 -0.0105 -0.0009  0.0088  0.0184  0.0281  0.0377  0.0474
1320.0 -0.3000 -0.2561 -0.2561 -0.2561 -0.2561 -0.2561 -0.2474 -0.2386 -0.2298 -0.2211 -0.2123 -0.2035 -0.1947 -0.1860 -0.1772 -0.1684 -0.1596 -0.1509 -0.1421 -0.1333 -0.1246 -0.1158 -0.1070 -0.0982 -0.0895 -0.0807 -0.0719 -0.0632 -0.0544 -0.0456 -0.0368 -0.0281 -0.0193 -0.0105 -0.0018  0.0070  0.0158
1332.0 -0.3000 -0.2605 -0.2605 -0.2605 -0.2605 -0.2605 -0.2526 -0.2447 -0.2368 -0.2289 -0.2211 -0.2132 -0.2053 -0.1974 -0.1895 -0.1816 -0.1737 -0.1658 -0.1579 -0.1500 -0.1421 -0.1342 -0.1263 -0.1184 -0.1105 -0.1026 -0.0947 -0.0868 -0.0789 -0.0711 -0.0632 -0.0553 -0.0474 -0.0395 -0.0316 -0.0237 -0.0158
1344.0 -0.3000 -0.2649 -0.2649 -0.2649 -0.2649 -0.2649 -0.2579 -0.2509 -0.2439 -0.2368 -0.2298 -0.2228 -0.2158 -0.2088 -0.2018 -0.1947 -0.1877 -0.1807 -0.1737 -0.1667 -0.1596 -0.1526 -0.1456 -0.1386 -0.1316 -0.1246 -0.1175 -0.1105 -0.1035 -0.0965 -0.0895 -0.0825 -0.0754 -0.0684 -0.0614 -0.0544 -0.0474
1356.0 -0.3000 -0.2693 -0.2693 -0.2693 -0.2693 -0.2693 -0.2632 -0.2570 -0.2509 -0.2447 -0.2386 -0.2325 -0.2263 -0.2202 -0.2140 -0.2079 -0.2018 -0.1956 -0.1895 -0.1833 -0.1772 -0.1711 -0.1649 -0.1588 -0.1526 -0.1465 -0.1404 -0.1342 -0.1281 -0.1219 -0.1158 -0.1096 -0.1035 -0.0974 -0.0912 -0.0851 -0.0789
1368.0 -0.3000 -0.2737 -0.2737 -0.2737 -0.2737 -0.2737 -0.2684 -0.2632 -0.2579 -0.2526 -0.2474 -0.2421 -0.2368 -0.2316 -0.2263 -0.2211 -0.2158 -0.2105 -0.2053 -0.2000 -0.1947 -0.1895 -0.1842 -0.1789 -0.1737 -0.1684 -0.1632 -0.1579 -0.1526 -0.1474 -0.1421 -0.1368 -0.1316 -0.1263 -0.1211 -0.1158 -0.1105
1380.0 -0.3000 -0.2781 -0.2781 -0.2781 -0.2781 -0.2781 -0.2737 -0.2693 -0.2649 -0.2605 -0.2561 -0.2518 -0.2474 -0.2430 -0.2386 -0.2342 -0.2298 -0.2254 -0.2211 -0.2167 -0.2123 -0.2079 -0.2035 -0.1991 -0.1947 -0.1904 -0.1860 -0.1816 -0.1772 -0.1728 -0.1684 -0.1640 -0.1596 -0.1553 -0.1509 -0.1465 -0.1421
1392.0 -0.3000 -0.2825 -0.2825 -0.2825 -0.2825 -0.2825 -0.2789 -0.2754 -0.2719 -0.2684 -0.2649 -0.2614 -0.2579 -0.2544 -0.2509 -0.2474 -0.2439 -0.2404 -0.2368 -0.2333 -0.2298 -0.2263 -0.2228 -0.2193 -0.2158 -0.2123 -0.2088 -0.2053 -0.2018 -0.1982 -0.1947 -0.1912 -0.1877 -0.1842 -0.1807 -0.1772 -0.1737
1404.0 -0.3000 -0.2868 -0.2868 -0.2868 -0.2868 -0.2868 -0.2842 -0.2816 -0.2789 -0.2763 -0.2737 -0.2711 -0.2684 -0.2658 -0.2632 -0.2605 -0.2579 -0.2553 -0.2526 -0.2500 -0.2474 -0.2447 -0.2421 -0.2395 -0.2368 -0.2342 -0.2316 -0.2289 -0.2263 -0.2237 -0.2211 -0.2184 -0.2158 -0.2132 -0.2105 -0.2079 -0.2053
1416.0 -0.3000 -0.2912 -0.2912 -0.2912 -0.2912 -0.2912 -0.2895 -0.2877 -0.2860 -0.2842 -0.2825 -0.2807 -0.2789 -0.2772 -0.2754 -0.2737 -0.2719 -0.2702 -0.2684 -0.2667 -0.2649 -0.2632 -0.2614 -0.2596 -0.2579 -0.2561 -0.2544 -0.2526 -0.2509 -0.2491 -0.2474 -0.2456 -0.2439 -0.2421 -0.2404 -0.2386 -0.2368
1428.0 -0.3000 -0.2956 -0.2956 -0.2956 -0.2956 -0.2956 -0.2947 -0.2939 -0.2930 -0.2921 -0.2912 -0.2904 -0.2895 -0.2886 -0.2877 -0.2868 -0.2860 -0.2851 -0.2842 -0.2833 -0.2825 -0.2816 -0.2807 -0.2798 -0.2789 -0.2781 -0.2772 -0.2763 -0.2754 -0.2746 -0.2737 -0.2728 -0.2719 -0.2711 -0.2702 -0.2693 -0.2684
1440.0 -0.3000 -0.3000 -0.3000 -0.3000 -0.3000 -0.3000 -0.3000 -0.3000 -0.3000 -0.3000 -0.3000 -0.3000 -0.3000 -0.3000 -0.3000 -0.3000 -0.3000 -0.3000 -0.3000 -0.3000 -0.3000 -0.3000 -0.3000 -0.3000 -0.3000 -0.3000 -0.3000 -0.3000 -0.3000 -0.3000 -0.3000 -0.3000 -0.3000 -0.3000 -0.3000 -0.3000 -0.3000