*
* Meerpeilgolven van het Markermeer 
*
* Aan de getallen in dit bestand mag geen officiële status toegekend worden! 
*
* Dit bestand is gemaakt door Matthijs Duits van 'HKV lijn in water' op 13 oktober 2008.  
* De getallen zijn gebaseerd op de topduren en overschrijdingsfrequenties van het Veluwemeer
*  zoals deze op 9 oktober 2008 zijn afgeleid door C.P.M. Geerse van HKV lijn in water
*
* De eerste kolom bevat tijdstippen in de meerpeilgolf in uren.
* De eerste rij bevat piekwaarden van de golven in m+NAP
* De overige rijen en kolommen bevatten de meerpeilgolven in m+NAP
* waarbij de kolommen de meerpeilgolven bevatten.
*
* De eerste regel van het bestand bestaat uit twee getallen:
* 1) het aantal tijdstappen in een meerpeilgolf
* 2) het aantal meerpeilniveaus in een golf
    121     37
        -0.400  -0.350  -0.300  -0.250  -0.200  -0.150  -0.100  -0.050   0.000   0.050   0.100   0.150   0.200   0.250   0.300   0.350   0.400   0.450   0.500   0.550   0.600   0.650   0.700   0.750   0.800   0.850   0.900   0.950   1.000   1.050   1.100   1.150   1.200   1.250   1.300   1.350   1.400
   0.0 -0.4000 -0.4000 -0.4000 -0.4000 -0.4000 -0.4000 -0.4000 -0.4000 -0.4000 -0.4000 -0.4000 -0.4000 -0.4000 -0.4000 -0.4000 -0.4000 -0.4000 -0.4000 -0.4000 -0.4000 -0.4000 -0.4000 -0.4000 -0.4000 -0.4000 -0.4000 -0.4000 -0.4000 -0.4000 -0.4000 -0.4000 -0.4000 -0.4000 -0.4000 -0.4000 -0.4000 -0.4000
  12.0 -0.4000 -0.3968 -0.3968 -0.3968 -0.3964 -0.3955 -0.3946 -0.3938 -0.3929 -0.3920 -0.3911 -0.3902 -0.3893 -0.3884 -0.3875 -0.3866 -0.3857 -0.3848 -0.3839 -0.3830 -0.3821 -0.3812 -0.3804 -0.3795 -0.3786 -0.3777 -0.3768 -0.3759 -0.3750 -0.3741 -0.3732 -0.3723 -0.3714 -0.3705 -0.3696 -0.3688 -0.3679
  24.0 -0.4000 -0.3936 -0.3936 -0.3936 -0.3929 -0.3911 -0.3893 -0.3875 -0.3857 -0.3839 -0.3821 -0.3804 -0.3786 -0.3768 -0.3750 -0.3732 -0.3714 -0.3696 -0.3679 -0.3661 -0.3643 -0.3625 -0.3607 -0.3589 -0.3571 -0.3554 -0.3536 -0.3518 -0.3500 -0.3482 -0.3464 -0.3446 -0.3429 -0.3411 -0.3393 -0.3375 -0.3357
  36.0 -0.4000 -0.3904 -0.3904 -0.3904 -0.3893 -0.3866 -0.3839 -0.3812 -0.3786 -0.3759 -0.3732 -0.3705 -0.3679 -0.3652 -0.3625 -0.3598 -0.3571 -0.3545 -0.3518 -0.3491 -0.3464 -0.3438 -0.3411 -0.3384 -0.3357 -0.3330 -0.3304 -0.3277 -0.3250 -0.3223 -0.3196 -0.3170 -0.3143 -0.3116 -0.3089 -0.3063 -0.3036
  48.0 -0.4000 -0.3871 -0.3871 -0.3871 -0.3857 -0.3821 -0.3786 -0.3750 -0.3714 -0.3679 -0.3643 -0.3607 -0.3571 -0.3536 -0.3500 -0.3464 -0.3429 -0.3393 -0.3357 -0.3321 -0.3286 -0.3250 -0.3214 -0.3179 -0.3143 -0.3107 -0.3071 -0.3036 -0.3000 -0.2964 -0.2929 -0.2893 -0.2857 -0.2821 -0.2786 -0.2750 -0.2714
  60.0 -0.4000 -0.3839 -0.3839 -0.3839 -0.3821 -0.3777 -0.3732 -0.3688 -0.3643 -0.3598 -0.3554 -0.3509 -0.3464 -0.3420 -0.3375 -0.3330 -0.3286 -0.3241 -0.3196 -0.3152 -0.3107 -0.3063 -0.3018 -0.2973 -0.2929 -0.2884 -0.2839 -0.2795 -0.2750 -0.2705 -0.2661 -0.2616 -0.2571 -0.2527 -0.2482 -0.2438 -0.2393
  72.0 -0.4000 -0.3807 -0.3807 -0.3807 -0.3786 -0.3732 -0.3679 -0.3625 -0.3571 -0.3518 -0.3464 -0.3411 -0.3357 -0.3304 -0.3250 -0.3196 -0.3143 -0.3089 -0.3036 -0.2982 -0.2929 -0.2875 -0.2821 -0.2768 -0.2714 -0.2661 -0.2607 -0.2554 -0.2500 -0.2446 -0.2393 -0.2339 -0.2286 -0.2232 -0.2179 -0.2125 -0.2071
  84.0 -0.4000 -0.3775 -0.3775 -0.3775 -0.3750 -0.3688 -0.3625 -0.3563 -0.3500 -0.3438 -0.3375 -0.3313 -0.3250 -0.3187 -0.3125 -0.3063 -0.3000 -0.2937 -0.2875 -0.2812 -0.2750 -0.2688 -0.2625 -0.2562 -0.2500 -0.2438 -0.2375 -0.2313 -0.2250 -0.2188 -0.2125 -0.2063 -0.2000 -0.1938 -0.1875 -0.1813 -0.1750
  96.0 -0.4000 -0.3743 -0.3743 -0.3743 -0.3714 -0.3643 -0.3571 -0.3500 -0.3429 -0.3357 -0.3286 -0.3214 -0.3143 -0.3071 -0.3000 -0.2929 -0.2857 -0.2786 -0.2714 -0.2643 -0.2571 -0.2500 -0.2429 -0.2357 -0.2286 -0.2214 -0.2143 -0.2071 -0.2000 -0.1929 -0.1857 -0.1786 -0.1714 -0.1643 -0.1571 -0.1500 -0.1429
 108.0 -0.4000 -0.3711 -0.3711 -0.3711 -0.3679 -0.3598 -0.3518 -0.3438 -0.3357 -0.3277 -0.3196 -0.3116 -0.3036 -0.2955 -0.2875 -0.2795 -0.2714 -0.2634 -0.2554 -0.2473 -0.2393 -0.2313 -0.2232 -0.2152 -0.2071 -0.1991 -0.1911 -0.1830 -0.1750 -0.1670 -0.1589 -0.1509 -0.1429 -0.1348 -0.1268 -0.1187 -0.1107
 120.0 -0.4000 -0.3679 -0.3679 -0.3679 -0.3643 -0.3554 -0.3464 -0.3375 -0.3286 -0.3196 -0.3107 -0.3018 -0.2929 -0.2839 -0.2750 -0.2661 -0.2571 -0.2482 -0.2393 -0.2304 -0.2214 -0.2125 -0.2036 -0.1946 -0.1857 -0.1768 -0.1679 -0.1589 -0.1500 -0.1411 -0.1321 -0.1232 -0.1143 -0.1054 -0.0964 -0.0875 -0.0786
 132.0 -0.4000 -0.3646 -0.3646 -0.3646 -0.3607 -0.3509 -0.3411 -0.3313 -0.3214 -0.3116 -0.3018 -0.2920 -0.2821 -0.2723 -0.2625 -0.2527 -0.2429 -0.2330 -0.2232 -0.2134 -0.2036 -0.1937 -0.1839 -0.1741 -0.1643 -0.1545 -0.1446 -0.1348 -0.1250 -0.1152 -0.1054 -0.0955 -0.0857 -0.0759 -0.0661 -0.0562 -0.0464
 144.0 -0.4000 -0.3614 -0.3614 -0.3614 -0.3571 -0.3464 -0.3357 -0.3250 -0.3143 -0.3036 -0.2929 -0.2821 -0.2714 -0.2607 -0.2500 -0.2393 -0.2286 -0.2179 -0.2071 -0.1964 -0.1857 -0.1750 -0.1643 -0.1536 -0.1429 -0.1321 -0.1214 -0.1107 -0.1000 -0.0893 -0.0786 -0.0679 -0.0571 -0.0464 -0.0357 -0.0250 -0.0143
 156.0 -0.4000 -0.3582 -0.3582 -0.3582 -0.3536 -0.3420 -0.3304 -0.3187 -0.3071 -0.2955 -0.2839 -0.2723 -0.2607 -0.2491 -0.2375 -0.2259 -0.2143 -0.2027 -0.1911 -0.1795 -0.1679 -0.1562 -0.1446 -0.1330 -0.1214 -0.1098 -0.0982 -0.0866 -0.0750 -0.0634 -0.0518 -0.0402 -0.0286 -0.0170 -0.0054  0.0063  0.0179
 168.0 -0.4000 -0.3550 -0.3550 -0.3550 -0.3500 -0.3375 -0.3250 -0.3125 -0.3000 -0.2875 -0.2750 -0.2625 -0.2500 -0.2375 -0.2250 -0.2125 -0.2000 -0.1875 -0.1750 -0.1625 -0.1500 -0.1375 -0.1250 -0.1125 -0.1000 -0.0875 -0.0750 -0.0625 -0.0500 -0.0375 -0.0250 -0.0125  0.0000  0.0125  0.0250  0.0375  0.0500
 180.0 -0.4000 -0.3518 -0.3518 -0.3518 -0.3464 -0.3330 -0.3196 -0.3063 -0.2929 -0.2795 -0.2661 -0.2527 -0.2393 -0.2259 -0.2125 -0.1991 -0.1857 -0.1723 -0.1589 -0.1455 -0.1321 -0.1187 -0.1054 -0.0920 -0.0786 -0.0652 -0.0518 -0.0384 -0.0250 -0.0116  0.0018  0.0152  0.0286  0.0420  0.0554  0.0688  0.0821
 192.0 -0.4000 -0.3500 -0.3486 -0.3486 -0.3429 -0.3286 -0.3143 -0.3000 -0.2857 -0.2714 -0.2571 -0.2429 -0.2286 -0.2143 -0.2000 -0.1857 -0.1714 -0.1571 -0.1429 -0.1286 -0.1143 -0.1000 -0.0857 -0.0714 -0.0571 -0.0429 -0.0286 -0.0143  0.0000  0.0143  0.0286  0.0429  0.0571  0.0714  0.0857  0.1000  0.1143
 204.0 -0.4000 -0.3500 -0.3454 -0.3454 -0.3393 -0.3241 -0.3089 -0.2938 -0.2786 -0.2634 -0.2482 -0.2330 -0.2179 -0.2027 -0.1875 -0.1723 -0.1571 -0.1420 -0.1268 -0.1116 -0.0964 -0.0812 -0.0661 -0.0509 -0.0357 -0.0205 -0.0054  0.0098  0.0250  0.0402  0.0554  0.0705  0.0857  0.1009  0.1161  0.1313  0.1464
 216.0 -0.4000 -0.3500 -0.3421 -0.3421 -0.3357 -0.3196 -0.3036 -0.2875 -0.2714 -0.2554 -0.2393 -0.2232 -0.2071 -0.1911 -0.1750 -0.1589 -0.1429 -0.1268 -0.1107 -0.0946 -0.0786 -0.0625 -0.0464 -0.0304 -0.0143  0.0018  0.0179  0.0339  0.0500  0.0661  0.0821  0.0982  0.1143  0.1304  0.1464  0.1625  0.1786
 228.0 -0.4000 -0.3500 -0.3389 -0.3389 -0.3321 -0.3152 -0.2982 -0.2812 -0.2643 -0.2473 -0.2304 -0.2134 -0.1964 -0.1795 -0.1625 -0.1455 -0.1286 -0.1116 -0.0946 -0.0777 -0.0607 -0.0437 -0.0268 -0.0098  0.0071  0.0241  0.0411  0.0580  0.0750  0.0920  0.1089  0.1259  0.1429  0.1598  0.1768  0.1938  0.2107
 240.0 -0.4000 -0.3500 -0.3357 -0.3357 -0.3286 -0.3107 -0.2929 -0.2750 -0.2571 -0.2393 -0.2214 -0.2036 -0.1857 -0.1679 -0.1500 -0.1321 -0.1143 -0.0964 -0.0786 -0.0607 -0.0429 -0.0250 -0.0071  0.0107  0.0286  0.0464  0.0643  0.0821  0.1000  0.1179  0.1357  0.1536  0.1714  0.1893  0.2071  0.2250  0.2429
 252.0 -0.4000 -0.3500 -0.3325 -0.3325 -0.3250 -0.3063 -0.2875 -0.2688 -0.2500 -0.2313 -0.2125 -0.1937 -0.1750 -0.1562 -0.1375 -0.1188 -0.1000 -0.0812 -0.0625 -0.0437 -0.0250 -0.0062  0.0125  0.0312  0.0500  0.0688  0.0875  0.1062  0.1250  0.1438  0.1625  0.1812  0.2000  0.2188  0.2375  0.2562  0.2750
 264.0 -0.4000 -0.3500 -0.3293 -0.3293 -0.3214 -0.3018 -0.2821 -0.2625 -0.2429 -0.2232 -0.2036 -0.1839 -0.1643 -0.1446 -0.1250 -0.1054 -0.0857 -0.0661 -0.0464 -0.0268 -0.0071  0.0125  0.0321  0.0518  0.0714  0.0911  0.1107  0.1304  0.1500  0.1696  0.1893  0.2089  0.2286  0.2482  0.2679  0.2875  0.3071
 276.0 -0.4000 -0.3500 -0.3261 -0.3261 -0.3179 -0.2973 -0.2768 -0.2562 -0.2357 -0.2152 -0.1946 -0.1741 -0.1536 -0.1330 -0.1125 -0.0920 -0.0714 -0.0509 -0.0304 -0.0098  0.0107  0.0313  0.0518  0.0723  0.0929  0.1134  0.1339  0.1545  0.1750  0.1955  0.2161  0.2366  0.2571  0.2777  0.2982  0.3187  0.3393
 288.0 -0.4000 -0.3500 -0.3229 -0.3229 -0.3143 -0.2929 -0.2714 -0.2500 -0.2286 -0.2071 -0.1857 -0.1643 -0.1429 -0.1214 -0.1000 -0.0786 -0.0571 -0.0357 -0.0143  0.0071  0.0286  0.0500  0.0714  0.0929  0.1143  0.1357  0.1571  0.1786  0.2000  0.2214  0.2429  0.2643  0.2857  0.3071  0.3286  0.3500  0.3714
 300.0 -0.4000 -0.3500 -0.3196 -0.3196 -0.3107 -0.2884 -0.2661 -0.2438 -0.2214 -0.1991 -0.1768 -0.1545 -0.1321 -0.1098 -0.0875 -0.0652 -0.0429 -0.0205  0.0018  0.0241  0.0464  0.0688  0.0911  0.1134  0.1357  0.1580  0.1804  0.2027  0.2250  0.2473  0.2696  0.2920  0.3143  0.3366  0.3589  0.3812  0.4036
 312.0 -0.4000 -0.3500 -0.3164 -0.3164 -0.3071 -0.2839 -0.2607 -0.2375 -0.2143 -0.1911 -0.1679 -0.1446 -0.1214 -0.0982 -0.0750 -0.0518 -0.0286 -0.0054  0.0179  0.0411  0.0643  0.0875  0.1107  0.1339  0.1571  0.1804  0.2036  0.2268  0.2500  0.2732  0.2964  0.3196  0.3429  0.3661  0.3893  0.4125  0.4357
 324.0 -0.4000 -0.3500 -0.3132 -0.3132 -0.3036 -0.2795 -0.2554 -0.2313 -0.2071 -0.1830 -0.1589 -0.1348 -0.1107 -0.0866 -0.0625 -0.0384 -0.0143  0.0098  0.0339  0.0580  0.0821  0.1063  0.1304  0.1545  0.1786  0.2027  0.2268  0.2509  0.2750  0.2991  0.3232  0.3473  0.3714  0.3955  0.4196  0.4437  0.4679
 336.0 -0.4000 -0.3500 -0.3100 -0.3100 -0.3000 -0.2750 -0.2500 -0.2250 -0.2000 -0.1750 -0.1500 -0.1250 -0.1000 -0.0750 -0.0500 -0.0250  0.0000  0.0250  0.0500  0.0750  0.1000  0.1250  0.1500  0.1750  0.2000  0.2250  0.2500  0.2750  0.3000  0.3250  0.3500  0.3750  0.4000  0.4250  0.4500  0.4750  0.5000
 348.0 -0.4000 -0.3500 -0.3068 -0.3068 -0.2964 -0.2705 -0.2446 -0.2188 -0.1929 -0.1670 -0.1411 -0.1152 -0.0893 -0.0634 -0.0375 -0.0116  0.0143  0.0402  0.0661  0.0920  0.1179  0.1438  0.1696  0.1955  0.2214  0.2473  0.2732  0.2991  0.3250  0.3509  0.3768  0.4027  0.4286  0.4545  0.4804  0.5063  0.5321
 360.0 -0.4000 -0.3500 -0.3036 -0.3036 -0.2929 -0.2661 -0.2393 -0.2125 -0.1857 -0.1589 -0.1321 -0.1054 -0.0786 -0.0518 -0.0250  0.0018  0.0286  0.0554  0.0821  0.1089  0.1357  0.1625  0.1893  0.2161  0.2429  0.2696  0.2964  0.3232  0.3500  0.3768  0.4036  0.4304  0.4571  0.4839  0.5107  0.5375  0.5643
 372.0 -0.4000 -0.3500 -0.3004 -0.3004 -0.2893 -0.2616 -0.2339 -0.2062 -0.1786 -0.1509 -0.1232 -0.0955 -0.0679 -0.0402 -0.0125  0.0152  0.0429  0.0705  0.0982  0.1259  0.1536  0.1813  0.2089  0.2366  0.2643  0.2920  0.3196  0.3473  0.3750  0.4027  0.4304  0.4580  0.4857  0.5134  0.5411  0.5688  0.5964
 384.0 -0.4000 -0.3500 -0.3000 -0.2971 -0.2857 -0.2571 -0.2286 -0.2000 -0.1714 -0.1429 -0.1143 -0.0857 -0.0571 -0.0286  0.0000  0.0286  0.0571  0.0857  0.1143  0.1429  0.1714  0.2000  0.2286  0.2571  0.2857  0.3143  0.3429  0.3714  0.4000  0.4286  0.4571  0.4857  0.5143  0.5429  0.5714  0.6000  0.6286
 396.0 -0.4000 -0.3500 -0.3000 -0.2939 -0.2821 -0.2527 -0.2232 -0.1938 -0.1643 -0.1348 -0.1054 -0.0759 -0.0464 -0.0170  0.0125  0.0420  0.0714  0.1009  0.1304  0.1598  0.1893  0.2188  0.2482  0.2777  0.3071  0.3366  0.3661  0.3955  0.4250  0.4545  0.4839  0.5134  0.5429  0.5723  0.6018  0.6313  0.6607
 408.0 -0.4000 -0.3500 -0.3000 -0.2907 -0.2786 -0.2482 -0.2179 -0.1875 -0.1571 -0.1268 -0.0964 -0.0661 -0.0357 -0.0054  0.0250  0.0554  0.0857  0.1161  0.1464  0.1768  0.2071  0.2375  0.2679  0.2982  0.3286  0.3589  0.3893  0.4196  0.4500  0.4804  0.5107  0.5411  0.5714  0.6018  0.6321  0.6625  0.6929
 420.0 -0.4000 -0.3500 -0.3000 -0.2875 -0.2750 -0.2438 -0.2125 -0.1813 -0.1500 -0.1187 -0.0875 -0.0562 -0.0250  0.0062  0.0375  0.0687  0.1000  0.1313  0.1625  0.1938  0.2250  0.2563  0.2875  0.3187  0.3500  0.3813  0.4125  0.4437  0.4750  0.5063  0.5375  0.5687  0.6000  0.6313  0.6625  0.6938  0.7250
 432.0 -0.4000 -0.3500 -0.3000 -0.2843 -0.2714 -0.2393 -0.2071 -0.1750 -0.1429 -0.1107 -0.0786 -0.0464 -0.0143  0.0179  0.0500  0.0821  0.1143  0.1464  0.1786  0.2107  0.2429  0.2750  0.3071  0.3393  0.3714  0.4036  0.4357  0.4679  0.5000  0.5321  0.5643  0.5964  0.6286  0.6607  0.6929  0.7250  0.7571
 444.0 -0.4000 -0.3500 -0.3000 -0.2811 -0.2679 -0.2348 -0.2018 -0.1688 -0.1357 -0.1027 -0.0696 -0.0366 -0.0036  0.0295  0.0625  0.0955  0.1286  0.1616  0.1946  0.2277  0.2607  0.2938  0.3268  0.3598  0.3929  0.4259  0.4589  0.4920  0.5250  0.5580  0.5911  0.6241  0.6571  0.6902  0.7232  0.7563  0.7893
 456.0 -0.4000 -0.3500 -0.3000 -0.2779 -0.2643 -0.2304 -0.1964 -0.1625 -0.1286 -0.0946 -0.0607 -0.0268  0.0071  0.0411  0.0750  0.1089  0.1429  0.1768  0.2107  0.2446  0.2786  0.3125  0.3464  0.3804  0.4143  0.4482  0.4821  0.5161  0.5500  0.5839  0.6179  0.6518  0.6857  0.7196  0.7536  0.7875  0.8214
 468.0 -0.4000 -0.3500 -0.3000 -0.2746 -0.2607 -0.2259 -0.1911 -0.1562 -0.1214 -0.0866 -0.0518 -0.0170  0.0179  0.0527  0.0875  0.1223  0.1571  0.1920  0.2268  0.2616  0.2964  0.3313  0.3661  0.4009  0.4357  0.4705  0.5054  0.5402  0.5750  0.6098  0.6446  0.6795  0.7143  0.7491  0.7839  0.8188  0.8536
 480.0 -0.4000 -0.3500 -0.3000 -0.2714 -0.2571 -0.2214 -0.1857 -0.1500 -0.1143 -0.0786 -0.0429 -0.0071  0.0286  0.0643  0.1000  0.1357  0.1714  0.2071  0.2429  0.2786  0.3143  0.3500  0.3857  0.4214  0.4571  0.4929  0.5286  0.5643  0.6000  0.6357  0.6714  0.7071  0.7429  0.7786  0.8143  0.8500  0.8857
 492.0 -0.4000 -0.3500 -0.3000 -0.2682 -0.2536 -0.2170 -0.1804 -0.1437 -0.1071 -0.0705 -0.0339  0.0027  0.0393  0.0759  0.1125  0.1491  0.1857  0.2223  0.2589  0.2955  0.3321  0.3688  0.4054  0.4420  0.4786  0.5152  0.5518  0.5884  0.6250  0.6616  0.6982  0.7348  0.7714  0.8080  0.8446  0.8813  0.9179
 504.0 -0.4000 -0.3500 -0.3000 -0.2650 -0.2500 -0.2125 -0.1750 -0.1375 -0.1000 -0.0625 -0.0250  0.0125  0.0500  0.0875  0.1250  0.1625  0.2000  0.2375  0.2750  0.3125  0.3500  0.3875  0.4250  0.4625  0.5000  0.5375  0.5750  0.6125  0.6500  0.6875  0.7250  0.7625  0.8000  0.8375  0.8750  0.9125  0.9500
 516.0 -0.4000 -0.3500 -0.3000 -0.2618 -0.2464 -0.2080 -0.1696 -0.1313 -0.0929 -0.0545 -0.0161  0.0223  0.0607  0.0991  0.1375  0.1759  0.2143  0.2527  0.2911  0.3295  0.3679  0.4063  0.4446  0.4830  0.5214  0.5598  0.5982  0.6366  0.6750  0.7134  0.7518  0.7902  0.8286  0.8670  0.9054  0.9438  0.9821
 528.0 -0.4000 -0.3500 -0.3000 -0.2586 -0.2429 -0.2036 -0.1643 -0.1250 -0.0857 -0.0464 -0.0071  0.0321  0.0714  0.1107  0.1500  0.1893  0.2286  0.2679  0.3071  0.3464  0.3857  0.4250  0.4643  0.5036  0.5429  0.5821  0.6214  0.6607  0.7000  0.7393  0.7786  0.8179  0.8571  0.8964  0.9357  0.9750  1.0143
 540.0 -0.4000 -0.3500 -0.3000 -0.2554 -0.2393 -0.1991 -0.1589 -0.1187 -0.0786 -0.0384  0.0018  0.0420  0.0821  0.1223  0.1625  0.2027  0.2429  0.2830  0.3232  0.3634  0.4036  0.4438  0.4839  0.5241  0.5643  0.6045  0.6446  0.6848  0.7250  0.7652  0.8054  0.8455  0.8857  0.9259  0.9661  1.0063  1.0464
 552.0 -0.4000 -0.3500 -0.3000 -0.2521 -0.2357 -0.1946 -0.1536 -0.1125 -0.0714 -0.0304  0.0107  0.0518  0.0929  0.1339  0.1750  0.2161  0.2571  0.2982  0.3393  0.3804  0.4214  0.4625  0.5036  0.5446  0.5857  0.6268  0.6679  0.7089  0.7500  0.7911  0.8321  0.8732  0.9143  0.9554  0.9964  1.0375  1.0786
 564.0 -0.4000 -0.3500 -0.3000 -0.2500 -0.2321 -0.1902 -0.1482 -0.1063 -0.0643 -0.0223  0.0196  0.0616  0.1036  0.1455  0.1875  0.2295  0.2714  0.3134  0.3554  0.3973  0.4393  0.4813  0.5232  0.5652  0.6071  0.6491  0.6911  0.7330  0.7750  0.8170  0.8589  0.9009  0.9429  0.9848  1.0268  1.0688  1.1107
 576.0 -0.4000 -0.3500 -0.3000 -0.2500 -0.2286 -0.1857 -0.1429 -0.1000 -0.0571 -0.0143  0.0286  0.0714  0.1143  0.1571  0.2000  0.2429  0.2857  0.3286  0.3714  0.4143  0.4571  0.5000  0.5429  0.5857  0.6286  0.6714  0.7143  0.7571  0.8000  0.8429  0.8857  0.9286  0.9714  1.0143  1.0571  1.1000  1.1429
 588.0 -0.4000 -0.3500 -0.3000 -0.2500 -0.2250 -0.1813 -0.1375 -0.0938 -0.0500 -0.0063  0.0375  0.0813  0.1250  0.1688  0.2125  0.2562  0.3000  0.3438  0.3875  0.4313  0.4750  0.5188  0.5625  0.6062  0.6500  0.6938  0.7375  0.7812  0.8250  0.8688  0.9125  0.9562  1.0000  1.0438  1.0875  1.1313  1.1750
 600.0 -0.4000 -0.3500 -0.3000 -0.2500 -0.2214 -0.1768 -0.1321 -0.0875 -0.0429  0.0018  0.0464  0.0911  0.1357  0.1804  0.2250  0.2696  0.3143  0.3589  0.4036  0.4482  0.4929  0.5375  0.5821  0.6268  0.6714  0.7161  0.7607  0.8054  0.8500  0.8946  0.9393  0.9839  1.0286  1.0732  1.1179  1.1625  1.2071
 612.0 -0.4000 -0.3500 -0.3000 -0.2500 -0.2179 -0.1723 -0.1268 -0.0813 -0.0357  0.0098  0.0554  0.1009  0.1464  0.1920  0.2375  0.2830  0.3286  0.3741  0.4196  0.4652  0.5107  0.5563  0.6018  0.6473  0.6929  0.7384  0.7839  0.8295  0.8750  0.9205  0.9661  1.0116  1.0571  1.1027  1.1482  1.1938  1.2393
 624.0 -0.4000 -0.3500 -0.3000 -0.2500 -0.2143 -0.1679 -0.1214 -0.0750 -0.0286  0.0179  0.0643  0.1107  0.1571  0.2036  0.2500  0.2964  0.3429  0.3893  0.4357  0.4821  0.5286  0.5750  0.6214  0.6679  0.7143  0.7607  0.8071  0.8536  0.9000  0.9464  0.9929  1.0393  1.0857  1.1321  1.1786  1.2250  1.2714
 636.0 -0.4000 -0.3500 -0.3000 -0.2500 -0.2107 -0.1634 -0.1161 -0.0688 -0.0214  0.0259  0.0732  0.1205  0.1679  0.2152  0.2625  0.3098  0.3571  0.4045  0.4518  0.4991  0.5464  0.5938  0.6411  0.6884  0.7357  0.7830  0.8304  0.8777  0.9250  0.9723  1.0196  1.0670  1.1143  1.1616  1.2089  1.2563  1.3036
 648.0 -0.4000 -0.3500 -0.3000 -0.2500 -0.2071 -0.1589 -0.1107 -0.0625 -0.0143  0.0339  0.0821  0.1304  0.1786  0.2268  0.2750  0.3232  0.3714  0.4196  0.4679  0.5161  0.5643  0.6125  0.6607  0.7089  0.7571  0.8054  0.8536  0.9018  0.9500  0.9982  1.0464  1.0946  1.1429  1.1911  1.2393  1.2875  1.3357
 660.0 -0.4000 -0.3500 -0.3000 -0.2500 -0.2036 -0.1545 -0.1054 -0.0563 -0.0071  0.0420  0.0911  0.1402  0.1893  0.2384  0.2875  0.3366  0.3857  0.4348  0.4839  0.5330  0.5821  0.6313  0.6804  0.7295  0.7786  0.8277  0.8768  0.9259  0.9750  1.0241  1.0732  1.1223  1.1714  1.2205  1.2696  1.3188  1.3679
 672.0 -0.4000 -0.3500 -0.3000 -0.2500 -0.2000 -0.1500 -0.1000 -0.0500  0.0000  0.0500  0.1000  0.1500  0.2000  0.2500  0.3000  0.3500  0.4000  0.4500  0.5000  0.5500  0.6000  0.6500  0.7000  0.7500  0.8000  0.8500  0.9000  0.9500  1.0000  1.0500  1.1000  1.1500  1.2000  1.2500  1.3000  1.3500  1.4000
 684.0 -0.4000 -0.3500 -0.3000 -0.2500 -0.2000 -0.1500 -0.1000 -0.0500  0.0000  0.0500  0.1000  0.1500  0.2000  0.2500  0.3000  0.3500  0.4000  0.4500  0.5000  0.5500  0.6000  0.6500  0.7000  0.7500  0.8000  0.8500  0.9000  0.9500  1.0000  1.0500  1.1000  1.1500  1.2000  1.2500  1.3000  1.3500  1.4000
 696.0 -0.4000 -0.3500 -0.3000 -0.2500 -0.2000 -0.1500 -0.1000 -0.0500  0.0000  0.0500  0.1000  0.1500  0.2000  0.2500  0.3000  0.3500  0.4000  0.4500  0.5000  0.5500  0.6000  0.6500  0.7000  0.7500  0.8000  0.8500  0.9000  0.9500  1.0000  1.0500  1.1000  1.1500  1.2000  1.2500  1.3000  1.3500  1.4000
 708.0 -0.4000 -0.3500 -0.3000 -0.2500 -0.2000 -0.1500 -0.1000 -0.0500  0.0000  0.0500  0.1000  0.1500  0.2000  0.2500  0.3000  0.3500  0.4000  0.4500  0.5000  0.5500  0.6000  0.6500  0.7000  0.7500  0.8000  0.8500  0.9000  0.9500  1.0000  1.0500  1.1000  1.1500  1.2000  1.2500  1.3000  1.3500  1.4000
 720.0 -0.4000 -0.3500 -0.3000 -0.2500 -0.2000 -0.1500 -0.1000 -0.0500  0.0000  0.0500  0.1000  0.1500  0.2000  0.2500  0.3000  0.3500  0.4000  0.4500  0.5000  0.5500  0.6000  0.6500  0.7000  0.7500  0.8000  0.8500  0.9000  0.9500  1.0000  1.0500  1.1000  1.1500  1.2000  1.2500  1.3000  1.3500  1.4000
 732.0 -0.4000 -0.3500 -0.3000 -0.2500 -0.2000 -0.1500 -0.1000 -0.0500  0.0000  0.0500  0.1000  0.1500  0.2000  0.2500  0.3000  0.3500  0.4000  0.4500  0.5000  0.5500  0.6000  0.6500  0.7000  0.7500  0.8000  0.8500  0.9000  0.9500  1.0000  1.0500  1.1000  1.1500  1.2000  1.2500  1.3000  1.3500  1.4000
 744.0 -0.4000 -0.3500 -0.3000 -0.2500 -0.2000 -0.1500 -0.1000 -0.0500  0.0000  0.0500  0.1000  0.1500  0.2000  0.2500  0.3000  0.3500  0.4000  0.4500  0.5000  0.5500  0.6000  0.6500  0.7000  0.7500  0.8000  0.8500  0.9000  0.9500  1.0000  1.0500  1.1000  1.1500  1.2000  1.2500  1.3000  1.3500  1.4000
 756.0 -0.4000 -0.3500 -0.3000 -0.2500 -0.2000 -0.1500 -0.1000 -0.0500  0.0000  0.0500  0.1000  0.1500  0.2000  0.2500  0.3000  0.3500  0.4000  0.4500  0.5000  0.5500  0.6000  0.6500  0.7000  0.7500  0.8000  0.8500  0.9000  0.9500  1.0000  1.0500  1.1000  1.1500  1.2000  1.2500  1.3000  1.3500  1.4000
 768.0 -0.4000 -0.3500 -0.3000 -0.2500 -0.2000 -0.1500 -0.1000 -0.0500  0.0000  0.0500  0.1000  0.1500  0.2000  0.2500  0.3000  0.3500  0.4000  0.4500  0.5000  0.5500  0.6000  0.6500  0.7000  0.7500  0.8000  0.8500  0.9000  0.9500  1.0000  1.0500  1.1000  1.1500  1.2000  1.2500  1.3000  1.3500  1.4000
 780.0 -0.4000 -0.3500 -0.3000 -0.2500 -0.2036 -0.1545 -0.1054 -0.0563 -0.0071  0.0420  0.0911  0.1402  0.1893  0.2384  0.2875  0.3366  0.3857  0.4348  0.4839  0.5330  0.5821  0.6313  0.6804  0.7295  0.7786  0.8277  0.8768  0.9259  0.9750  1.0241  1.0732  1.1223  1.1714  1.2205  1.2696  1.3188  1.3679
 792.0 -0.4000 -0.3500 -0.3000 -0.2500 -0.2071 -0.1589 -0.1107 -0.0625 -0.0143  0.0339  0.0821  0.1304  0.1786  0.2268  0.2750  0.3232  0.3714  0.4196  0.4679  0.5161  0.5643  0.6125  0.6607  0.7089  0.7571  0.8054  0.8536  0.9018  0.9500  0.9982  1.0464  1.0946  1.1429  1.1911  1.2393  1.2875  1.3357
 804.0 -0.4000 -0.3500 -0.3000 -0.2500 -0.2107 -0.1634 -0.1161 -0.0688 -0.0214  0.0259  0.0732  0.1205  0.1679  0.2152  0.2625  0.3098  0.3571  0.4045  0.4518  0.4991  0.5464  0.5938  0.6411  0.6884  0.7357  0.7830  0.8304  0.8777  0.9250  0.9723  1.0196  1.0670  1.1143  1.1616  1.2089  1.2563  1.3036
 816.0 -0.4000 -0.3500 -0.3000 -0.2500 -0.2143 -0.1679 -0.1214 -0.0750 -0.0286  0.0179  0.0643  0.1107  0.1571  0.2036  0.2500  0.2964  0.3429  0.3893  0.4357  0.4821  0.5286  0.5750  0.6214  0.6679  0.7143  0.7607  0.8071  0.8536  0.9000  0.9464  0.9929  1.0393  1.0857  1.1321  1.1786  1.2250  1.2714
 828.0 -0.4000 -0.3500 -0.3000 -0.2500 -0.2179 -0.1723 -0.1268 -0.0813 -0.0357  0.0098  0.0554  0.1009  0.1464  0.1920  0.2375  0.2830  0.3286  0.3741  0.4196  0.4652  0.5107  0.5563  0.6018  0.6473  0.6929  0.7384  0.7839  0.8295  0.8750  0.9205  0.9661  1.0116  1.0571  1.1027  1.1482  1.1938  1.2393
 840.0 -0.4000 -0.3500 -0.3000 -0.2500 -0.2214 -0.1768 -0.1321 -0.0875 -0.0429  0.0018  0.0464  0.0911  0.1357  0.1804  0.2250  0.2696  0.3143  0.3589  0.4036  0.4482  0.4929  0.5375  0.5821  0.6268  0.6714  0.7161  0.7607  0.8054  0.8500  0.8946  0.9393  0.9839  1.0286  1.0732  1.1179  1.1625  1.2071
 852.0 -0.4000 -0.3500 -0.3000 -0.2500 -0.2250 -0.1813 -0.1375 -0.0938 -0.0500 -0.0063  0.0375  0.0813  0.1250  0.1688  0.2125  0.2562  0.3000  0.3438  0.3875  0.4313  0.4750  0.5188  0.5625  0.6062  0.6500  0.6938  0.7375  0.7812  0.8250  0.8688  0.9125  0.9562  1.0000  1.0438  1.0875  1.1313  1.1750
 864.0 -0.4000 -0.3500 -0.3000 -0.2500 -0.2286 -0.1857 -0.1429 -0.1000 -0.0571 -0.0143  0.0286  0.0714  0.1143  0.1571  0.2000  0.2429  0.2857  0.3286  0.3714  0.4143  0.4571  0.5000  0.5429  0.5857  0.6286  0.6714  0.7143  0.7571  0.8000  0.8429  0.8857  0.9286  0.9714  1.0143  1.0571  1.1000  1.1429
 876.0 -0.4000 -0.3500 -0.3000 -0.2500 -0.2321 -0.1902 -0.1482 -0.1063 -0.0643 -0.0223  0.0196  0.0616  0.1036  0.1455  0.1875  0.2295  0.2714  0.3134  0.3554  0.3973  0.4393  0.4813  0.5232  0.5652  0.6071  0.6491  0.6911  0.7330  0.7750  0.8170  0.8589  0.9009  0.9429  0.9848  1.0268  1.0688  1.1107
 888.0 -0.4000 -0.3500 -0.3000 -0.2521 -0.2357 -0.1946 -0.1536 -0.1125 -0.0714 -0.0304  0.0107  0.0518  0.0929  0.1339  0.1750  0.2161  0.2571  0.2982  0.3393  0.3804  0.4214  0.4625  0.5036  0.5446  0.5857  0.6268  0.6679  0.7089  0.7500  0.7911  0.8321  0.8732  0.9143  0.9554  0.9964  1.0375  1.0786
 900.0 -0.4000 -0.3500 -0.3000 -0.2554 -0.2393 -0.1991 -0.1589 -0.1187 -0.0786 -0.0384  0.0018  0.0420  0.0821  0.1223  0.1625  0.2027  0.2429  0.2830  0.3232  0.3634  0.4036  0.4438  0.4839  0.5241  0.5643  0.6045  0.6446  0.6848  0.7250  0.7652  0.8054  0.8455  0.8857  0.9259  0.9661  1.0063  1.0464
 912.0 -0.4000 -0.3500 -0.3000 -0.2586 -0.2429 -0.2036 -0.1643 -0.1250 -0.0857 -0.0464 -0.0071  0.0321  0.0714  0.1107  0.1500  0.1893  0.2286  0.2679  0.3071  0.3464  0.3857  0.4250  0.4643  0.5036  0.5429  0.5821  0.6214  0.6607  0.7000  0.7393  0.7786  0.8179  0.8571  0.8964  0.9357  0.9750  1.0143
 924.0 -0.4000 -0.3500 -0.3000 -0.2618 -0.2464 -0.2080 -0.1696 -0.1313 -0.0929 -0.0545 -0.0161  0.0223  0.0607  0.0991  0.1375  0.1759  0.2143  0.2527  0.2911  0.3295  0.3679  0.4063  0.4446  0.4830  0.5214  0.5598  0.5982  0.6366  0.6750  0.7134  0.7518  0.7902  0.8286  0.8670  0.9054  0.9438  0.9821
 936.0 -0.4000 -0.3500 -0.3000 -0.2650 -0.2500 -0.2125 -0.1750 -0.1375 -0.1000 -0.0625 -0.0250  0.0125  0.0500  0.0875  0.1250  0.1625  0.2000  0.2375  0.2750  0.3125  0.3500  0.3875  0.4250  0.4625  0.5000  0.5375  0.5750  0.6125  0.6500  0.6875  0.7250  0.7625  0.8000  0.8375  0.8750  0.9125  0.9500
 948.0 -0.4000 -0.3500 -0.3000 -0.2682 -0.2536 -0.2170 -0.1804 -0.1437 -0.1071 -0.0705 -0.0339  0.0027  0.0393  0.0759  0.1125  0.1491  0.1857  0.2223  0.2589  0.2955  0.3321  0.3688  0.4054  0.4420  0.4786  0.5152  0.5518  0.5884  0.6250  0.6616  0.6982  0.7348  0.7714  0.8080  0.8446  0.8813  0.9179
 960.0 -0.4000 -0.3500 -0.3000 -0.2714 -0.2571 -0.2214 -0.1857 -0.1500 -0.1143 -0.0786 -0.0429 -0.0071  0.0286  0.0643  0.1000  0.1357  0.1714  0.2071  0.2429  0.2786  0.3143  0.3500  0.3857  0.4214  0.4571  0.4929  0.5286  0.5643  0.6000  0.6357  0.6714  0.7071  0.7429  0.7786  0.8143  0.8500  0.8857
 972.0 -0.4000 -0.3500 -0.3000 -0.2746 -0.2607 -0.2259 -0.1911 -0.1562 -0.1214 -0.0866 -0.0518 -0.0170  0.0179  0.0527  0.0875  0.1223  0.1571  0.1920  0.2268  0.2616  0.2964  0.3313  0.3661  0.4009  0.4357  0.4705  0.5054  0.5402  0.5750  0.6098  0.6446  0.6795  0.7143  0.7491  0.7839  0.8188  0.8536
 984.0 -0.4000 -0.3500 -0.3000 -0.2779 -0.2643 -0.2304 -0.1964 -0.1625 -0.1286 -0.0946 -0.0607 -0.0268  0.0071  0.0411  0.0750  0.1089  0.1429  0.1768  0.2107  0.2446  0.2786  0.3125  0.3464  0.3804  0.4143  0.4482  0.4821  0.5161  0.5500  0.5839  0.6179  0.6518  0.6857  0.7196  0.7536  0.7875  0.8214
 996.0 -0.4000 -0.3500 -0.3000 -0.2811 -0.2679 -0.2348 -0.2018 -0.1688 -0.1357 -0.1027 -0.0696 -0.0366 -0.0036  0.0295  0.0625  0.0955  0.1286  0.1616  0.1946  0.2277  0.2607  0.2938  0.3268  0.3598  0.3929  0.4259  0.4589  0.4920  0.5250  0.5580  0.5911  0.6241  0.6571  0.6902  0.7232  0.7563  0.7893
1008.0 -0.4000 -0.3500 -0.3000 -0.2843 -0.2714 -0.2393 -0.2071 -0.1750 -0.1429 -0.1107 -0.0786 -0.0464 -0.0143  0.0179  0.0500  0.0821  0.1143  0.1464  0.1786  0.2107  0.2429  0.2750  0.3071  0.3393  0.3714  0.4036  0.4357  0.4679  0.5000  0.5321  0.5643  0.5964  0.6286  0.6607  0.6929  0.7250  0.7571
1020.0 -0.4000 -0.3500 -0.3000 -0.2875 -0.2750 -0.2438 -0.2125 -0.1813 -0.1500 -0.1187 -0.0875 -0.0562 -0.0250  0.0062  0.0375  0.0687  0.1000  0.1313  0.1625  0.1938  0.2250  0.2563  0.2875  0.3187  0.3500  0.3813  0.4125  0.4437  0.4750  0.5063  0.5375  0.5687  0.6000  0.6313  0.6625  0.6938  0.7250
1032.0 -0.4000 -0.3500 -0.3000 -0.2907 -0.2786 -0.2482 -0.2179 -0.1875 -0.1571 -0.1268 -0.0964 -0.0661 -0.0357 -0.0054  0.0250  0.0554  0.0857  0.1161  0.1464  0.1768  0.2071  0.2375  0.2679  0.2982  0.3286  0.3589  0.3893  0.4196  0.4500  0.4804  0.5107  0.5411  0.5714  0.6018  0.6321  0.6625  0.6929
1044.0 -0.4000 -0.3500 -0.3000 -0.2939 -0.2821 -0.2527 -0.2232 -0.1938 -0.1643 -0.1348 -0.1054 -0.0759 -0.0464 -0.0170  0.0125  0.0420  0.0714  0.1009  0.1304  0.1598  0.1893  0.2188  0.2482  0.2777  0.3071  0.3366  0.3661  0.3955  0.4250  0.4545  0.4839  0.5134  0.5429  0.5723  0.6018  0.6313  0.6607
1056.0 -0.4000 -0.3500 -0.3000 -0.2971 -0.2857 -0.2571 -0.2286 -0.2000 -0.1714 -0.1429 -0.1143 -0.0857 -0.0571 -0.0286  0.0000  0.0286  0.0571  0.0857  0.1143  0.1429  0.1714  0.2000  0.2286  0.2571  0.2857  0.3143  0.3429  0.3714  0.4000  0.4286  0.4571  0.4857  0.5143  0.5429  0.5714  0.6000  0.6286
1068.0 -0.4000 -0.3500 -0.3004 -0.3004 -0.2893 -0.2616 -0.2339 -0.2062 -0.1786 -0.1509 -0.1232 -0.0955 -0.0679 -0.0402 -0.0125  0.0152  0.0429  0.0705  0.0982  0.1259  0.1536  0.1813  0.2089  0.2366  0.2643  0.2920  0.3196  0.3473  0.3750  0.4027  0.4304  0.4580  0.4857  0.5134  0.5411  0.5688  0.5964
1080.0 -0.4000 -0.3500 -0.3036 -0.3036 -0.2929 -0.2661 -0.2393 -0.2125 -0.1857 -0.1589 -0.1321 -0.1054 -0.0786 -0.0518 -0.0250  0.0018  0.0286  0.0554  0.0821  0.1089  0.1357  0.1625  0.1893  0.2161  0.2429  0.2696  0.2964  0.3232  0.3500  0.3768  0.4036  0.4304  0.4571  0.4839  0.5107  0.5375  0.5643
1092.0 -0.4000 -0.3500 -0.3068 -0.3068 -0.2964 -0.2705 -0.2446 -0.2188 -0.1929 -0.1670 -0.1411 -0.1152 -0.0893 -0.0634 -0.0375 -0.0116  0.0143  0.0402  0.0661  0.0920  0.1179  0.1438  0.1696  0.1955  0.2214  0.2473  0.2732  0.2991  0.3250  0.3509  0.3768  0.4027  0.4286  0.4545  0.4804  0.5063  0.5321
1104.0 -0.4000 -0.3500 -0.3100 -0.3100 -0.3000 -0.2750 -0.2500 -0.2250 -0.2000 -0.1750 -0.1500 -0.1250 -0.1000 -0.0750 -0.0500 -0.0250  0.0000  0.0250  0.0500  0.0750  0.1000  0.1250  0.1500  0.1750  0.2000  0.2250  0.2500  0.2750  0.3000  0.3250  0.3500  0.3750  0.4000  0.4250  0.4500  0.4750  0.5000
1116.0 -0.4000 -0.3500 -0.3132 -0.3132 -0.3036 -0.2795 -0.2554 -0.2313 -0.2071 -0.1830 -0.1589 -0.1348 -0.1107 -0.0866 -0.0625 -0.0384 -0.0143  0.0098  0.0339  0.0580  0.0821  0.1063  0.1304  0.1545  0.1786  0.2027  0.2268  0.2509  0.2750  0.2991  0.3232  0.3473  0.3714  0.3955  0.4196  0.4437  0.4679
1128.0 -0.4000 -0.3500 -0.3164 -0.3164 -0.3071 -0.2839 -0.2607 -0.2375 -0.2143 -0.1911 -0.1679 -0.1446 -0.1214 -0.0982 -0.0750 -0.0518 -0.0286 -0.0054  0.0179  0.0411  0.0643  0.0875  0.1107  0.1339  0.1571  0.1804  0.2036  0.2268  0.2500  0.2732  0.2964  0.3196  0.3429  0.3661  0.3893  0.4125  0.4357
1140.0 -0.4000 -0.3500 -0.3196 -0.3196 -0.3107 -0.2884 -0.2661 -0.2438 -0.2214 -0.1991 -0.1768 -0.1545 -0.1321 -0.1098 -0.0875 -0.0652 -0.0429 -0.0205  0.0018  0.0241  0.0464  0.0688  0.0911  0.1134  0.1357  0.1580  0.1804  0.2027  0.2250  0.2473  0.2696  0.2920  0.3143  0.3366  0.3589  0.3812  0.4036
1152.0 -0.4000 -0.3500 -0.3229 -0.3229 -0.3143 -0.2929 -0.2714 -0.2500 -0.2286 -0.2071 -0.1857 -0.1643 -0.1429 -0.1214 -0.1000 -0.0786 -0.0571 -0.0357 -0.0143  0.0071  0.0286  0.0500  0.0714  0.0929  0.1143  0.1357  0.1571  0.1786  0.2000  0.2214  0.2429  0.2643  0.2857  0.3071  0.3286  0.3500  0.3714
1164.0 -0.4000 -0.3500 -0.3261 -0.3261 -0.3179 -0.2973 -0.2768 -0.2562 -0.2357 -0.2152 -0.1946 -0.1741 -0.1536 -0.1330 -0.1125 -0.0920 -0.0714 -0.0509 -0.0304 -0.0098  0.0107  0.0313  0.0518  0.0723  0.0929  0.1134  0.1339  0.1545  0.1750  0.1955  0.2161  0.2366  0.2571  0.2777  0.2982  0.3187  0.3393
1176.0 -0.4000 -0.3500 -0.3293 -0.3293 -0.3214 -0.3018 -0.2821 -0.2625 -0.2429 -0.2232 -0.2036 -0.1839 -0.1643 -0.1446 -0.1250 -0.1054 -0.0857 -0.0661 -0.0464 -0.0268 -0.0071  0.0125  0.0321  0.0518  0.0714  0.0911  0.1107  0.1304  0.1500  0.1696  0.1893  0.2089  0.2286  0.2482  0.2679  0.2875  0.3071
1188.0 -0.4000 -0.3500 -0.3325 -0.3325 -0.3250 -0.3063 -0.2875 -0.2688 -0.2500 -0.2313 -0.2125 -0.1937 -0.1750 -0.1562 -0.1375 -0.1188 -0.1000 -0.0812 -0.0625 -0.0437 -0.0250 -0.0062  0.0125  0.0312  0.0500  0.0688  0.0875  0.1062  0.1250  0.1438  0.1625  0.1812  0.2000  0.2188  0.2375  0.2562  0.2750
1200.0 -0.4000 -0.3500 -0.3357 -0.3357 -0.3286 -0.3107 -0.2929 -0.2750 -0.2571 -0.2393 -0.2214 -0.2036 -0.1857 -0.1679 -0.1500 -0.1321 -0.1143 -0.0964 -0.0786 -0.0607 -0.0429 -0.0250 -0.0071  0.0107  0.0286  0.0464  0.0643  0.0821  0.1000  0.1179  0.1357  0.1536  0.1714  0.1893  0.2071  0.2250  0.2429
1212.0 -0.4000 -0.3500 -0.3389 -0.3389 -0.3321 -0.3152 -0.2982 -0.2812 -0.2643 -0.2473 -0.2304 -0.2134 -0.1964 -0.1795 -0.1625 -0.1455 -0.1286 -0.1116 -0.0946 -0.0777 -0.0607 -0.0437 -0.0268 -0.0098  0.0071  0.0241  0.0411  0.0580  0.0750  0.0920  0.1089  0.1259  0.1429  0.1598  0.1768  0.1938  0.2107
1224.0 -0.4000 -0.3500 -0.3421 -0.3421 -0.3357 -0.3196 -0.3036 -0.2875 -0.2714 -0.2554 -0.2393 -0.2232 -0.2071 -0.1911 -0.1750 -0.1589 -0.1429 -0.1268 -0.1107 -0.0946 -0.0786 -0.0625 -0.0464 -0.0304 -0.0143  0.0018  0.0179  0.0339  0.0500  0.0661  0.0821  0.0982  0.1143  0.1304  0.1464  0.1625  0.1786
1236.0 -0.4000 -0.3500 -0.3454 -0.3454 -0.3393 -0.3241 -0.3089 -0.2938 -0.2786 -0.2634 -0.2482 -0.2330 -0.2179 -0.2027 -0.1875 -0.1723 -0.1571 -0.1420 -0.1268 -0.1116 -0.0964 -0.0812 -0.0661 -0.0509 -0.0357 -0.0205 -0.0054  0.0098  0.0250  0.0402  0.0554  0.0705  0.0857  0.1009  0.1161  0.1313  0.1464
1248.0 -0.4000 -0.3500 -0.3486 -0.3486 -0.3429 -0.3286 -0.3143 -0.3000 -0.2857 -0.2714 -0.2571 -0.2429 -0.2286 -0.2143 -0.2000 -0.1857 -0.1714 -0.1571 -0.1429 -0.1286 -0.1143 -0.1000 -0.0857 -0.0714 -0.0571 -0.0429 -0.0286 -0.0143  0.0000  0.0143  0.0286  0.0429  0.0571  0.0714  0.0857  0.1000  0.1143
1260.0 -0.4000 -0.3518 -0.3518 -0.3518 -0.3464 -0.3330 -0.3196 -0.3063 -0.2929 -0.2795 -0.2661 -0.2527 -0.2393 -0.2259 -0.2125 -0.1991 -0.1857 -0.1723 -0.1589 -0.1455 -0.1321 -0.1187 -0.1054 -0.0920 -0.0786 -0.0652 -0.0518 -0.0384 -0.0250 -0.0116  0.0018  0.0152  0.0286  0.0420  0.0554  0.0688  0.0821
1272.0 -0.4000 -0.3550 -0.3550 -0.3550 -0.3500 -0.3375 -0.3250 -0.3125 -0.3000 -0.2875 -0.2750 -0.2625 -0.2500 -0.2375 -0.2250 -0.2125 -0.2000 -0.1875 -0.1750 -0.1625 -0.1500 -0.1375 -0.1250 -0.1125 -0.1000 -0.0875 -0.0750 -0.0625 -0.0500 -0.0375 -0.0250 -0.0125  0.0000  0.0125  0.0250  0.0375  0.0500
1284.0 -0.4000 -0.3582 -0.3582 -0.3582 -0.3536 -0.3420 -0.3304 -0.3187 -0.3071 -0.2955 -0.2839 -0.2723 -0.2607 -0.2491 -0.2375 -0.2259 -0.2143 -0.2027 -0.1911 -0.1795 -0.1679 -0.1562 -0.1446 -0.1330 -0.1214 -0.1098 -0.0982 -0.0866 -0.0750 -0.0634 -0.0518 -0.0402 -0.0286 -0.0170 -0.0054  0.0063  0.0179
1296.0 -0.4000 -0.3614 -0.3614 -0.3614 -0.3571 -0.3464 -0.3357 -0.3250 -0.3143 -0.3036 -0.2929 -0.2821 -0.2714 -0.2607 -0.2500 -0.2393 -0.2286 -0.2179 -0.2071 -0.1964 -0.1857 -0.1750 -0.1643 -0.1536 -0.1429 -0.1321 -0.1214 -0.1107 -0.1000 -0.0893 -0.0786 -0.0679 -0.0571 -0.0464 -0.0357 -0.0250 -0.0143
1308.0 -0.4000 -0.3646 -0.3646 -0.3646 -0.3607 -0.3509 -0.3411 -0.3313 -0.3214 -0.3116 -0.3018 -0.2920 -0.2821 -0.2723 -0.2625 -0.2527 -0.2429 -0.2330 -0.2232 -0.2134 -0.2036 -0.1937 -0.1839 -0.1741 -0.1643 -0.1545 -0.1446 -0.1348 -0.1250 -0.1152 -0.1054 -0.0955 -0.0857 -0.0759 -0.0661 -0.0562 -0.0464
1320.0 -0.4000 -0.3679 -0.3679 -0.3679 -0.3643 -0.3554 -0.3464 -0.3375 -0.3286 -0.3196 -0.3107 -0.3018 -0.2929 -0.2839 -0.2750 -0.2661 -0.2571 -0.2482 -0.2393 -0.2304 -0.2214 -0.2125 -0.2036 -0.1946 -0.1857 -0.1768 -0.1679 -0.1589 -0.1500 -0.1411 -0.1321 -0.1232 -0.1143 -0.1054 -0.0964 -0.0875 -0.0786
1332.0 -0.4000 -0.3711 -0.3711 -0.3711 -0.3679 -0.3598 -0.3518 -0.3438 -0.3357 -0.3277 -0.3196 -0.3116 -0.3036 -0.2955 -0.2875 -0.2795 -0.2714 -0.2634 -0.2554 -0.2473 -0.2393 -0.2313 -0.2232 -0.2152 -0.2071 -0.1991 -0.1911 -0.1830 -0.1750 -0.1670 -0.1589 -0.1509 -0.1429 -0.1348 -0.1268 -0.1187 -0.1107
1344.0 -0.4000 -0.3743 -0.3743 -0.3743 -0.3714 -0.3643 -0.3571 -0.3500 -0.3429 -0.3357 -0.3286 -0.3214 -0.3143 -0.3071 -0.3000 -0.2929 -0.2857 -0.2786 -0.2714 -0.2643 -0.2571 -0.2500 -0.2429 -0.2357 -0.2286 -0.2214 -0.2143 -0.2071 -0.2000 -0.1929 -0.1857 -0.1786 -0.1714 -0.1643 -0.1571 -0.1500 -0.1429
1356.0 -0.4000 -0.3775 -0.3775 -0.3775 -0.3750 -0.3688 -0.3625 -0.3563 -0.3500 -0.3438 -0.3375 -0.3313 -0.3250 -0.3187 -0.3125 -0.3063 -0.3000 -0.2937 -0.2875 -0.2812 -0.2750 -0.2688 -0.2625 -0.2562 -0.2500 -0.2438 -0.2375 -0.2313 -0.2250 -0.2188 -0.2125 -0.2063 -0.2000 -0.1938 -0.1875 -0.1813 -0.1750
1368.0 -0.4000 -0.3807 -0.3807 -0.3807 -0.3786 -0.3732 -0.3679 -0.3625 -0.3571 -0.3518 -0.3464 -0.3411 -0.3357 -0.3304 -0.3250 -0.3196 -0.3143 -0.3089 -0.3036 -0.2982 -0.2929 -0.2875 -0.2821 -0.2768 -0.2714 -0.2661 -0.2607 -0.2554 -0.2500 -0.2446 -0.2393 -0.2339 -0.2286 -0.2232 -0.2179 -0.2125 -0.2071
1380.0 -0.4000 -0.3839 -0.3839 -0.3839 -0.3821 -0.3777 -0.3732 -0.3688 -0.3643 -0.3598 -0.3554 -0.3509 -0.3464 -0.3420 -0.3375 -0.3330 -0.3286 -0.3241 -0.3196 -0.3152 -0.3107 -0.3063 -0.3018 -0.2973 -0.2929 -0.2884 -0.2839 -0.2795 -0.2750 -0.2705 -0.2661 -0.2616 -0.2571 -0.2527 -0.2482 -0.2438 -0.2393
1392.0 -0.4000 -0.3871 -0.3871 -0.3871 -0.3857 -0.3821 -0.3786 -0.3750 -0.3714 -0.3679 -0.3643 -0.3607 -0.3571 -0.3536 -0.3500 -0.3464 -0.3429 -0.3393 -0.3357 -0.3321 -0.3286 -0.3250 -0.3214 -0.3179 -0.3143 -0.3107 -0.3071 -0.3036 -0.3000 -0.2964 -0.2929 -0.2893 -0.2857 -0.2821 -0.2786 -0.2750 -0.2714
1404.0 -0.4000 -0.3904 -0.3904 -0.3904 -0.3893 -0.3866 -0.3839 -0.3812 -0.3786 -0.3759 -0.3732 -0.3705 -0.3679 -0.3652 -0.3625 -0.3598 -0.3571 -0.3545 -0.3518 -0.3491 -0.3464 -0.3438 -0.3411 -0.3384 -0.3357 -0.3330 -0.3304 -0.3277 -0.3250 -0.3223 -0.3196 -0.3170 -0.3143 -0.3116 -0.3089 -0.3063 -0.3036
1416.0 -0.4000 -0.3936 -0.3936 -0.3936 -0.3929 -0.3911 -0.3893 -0.3875 -0.3857 -0.3839 -0.3821 -0.3804 -0.3786 -0.3768 -0.3750 -0.3732 -0.3714 -0.3696 -0.3679 -0.3661 -0.3643 -0.3625 -0.3607 -0.3589 -0.3571 -0.3554 -0.3536 -0.3518 -0.3500 -0.3482 -0.3464 -0.3446 -0.3429 -0.3411 -0.3393 -0.3375 -0.3357
1428.0 -0.4000 -0.3968 -0.3968 -0.3968 -0.3964 -0.3955 -0.3946 -0.3938 -0.3929 -0.3920 -0.3911 -0.3902 -0.3893 -0.3884 -0.3875 -0.3866 -0.3857 -0.3848 -0.3839 -0.3830 -0.3821 -0.3812 -0.3804 -0.3795 -0.3786 -0.3777 -0.3768 -0.3759 -0.3750 -0.3741 -0.3732 -0.3723 -0.3714 -0.3705 -0.3696 -0.3688 -0.3679
1440.0 -0.4000 -0.4000 -0.4000 -0.4000 -0.4000 -0.4000 -0.4000 -0.4000 -0.4000 -0.4000 -0.4000 -0.4000 -0.4000 -0.4000 -0.4000 -0.4000 -0.4000 -0.4000 -0.4000 -0.4000 -0.4000 -0.4000 -0.4000 -0.4000 -0.4000 -0.4000 -0.4000 -0.4000 -0.4000 -0.4000 -0.4000 -0.4000 -0.4000 -0.4000 -0.4000 -0.4000 -0.4000