*
* Meerpeilgolven van het IJsselmeer 
*
* Aan de getallen in dit bestand mag geen officiële status toegekend worden! 
*
* Dit bestand is gemaakt door Matthijs Duits van 'HKV lijn in water' op 13 februari 2007.  
* De getallen zijn gebaseerd op waarden uit Bijlage H.1 en Bijlage H.2.6 van:
* 'Hydraulische Randvoorwaarden 2006 Vecht- en IJsseldelta' -
* 'Statistiek IJsselmeerpeil, afvoeren en stormverlopen voor Hydra-VIJ'
* RIZA-werkdocument 2006.036X, Lelystad, maart 2006. 
* (Auteur: C.P.M. Geerse)
*
* De eerste kolom bevat tijdstippen in de meerpeilgolf in uren.
* De eerste rij bevat piekwaarden van de golven in m+NAP
* De overige rijen en kolommen bevatten de meerpeilgolven in m+NAP
* waarbij de kolommen de meerpeilgolven bevatten.
*
* De eerste regel van het bestand bestaat uit twee getallen:
* 1) het aantal tijdstappen in een meerpeilgolf
* 2) het aantal meerpeilniveaus in een golf
     61     45
        -0.400  -0.350  -0.300  -0.250  -0.200  -0.150  -0.100  -0.050   0.000   0.050   0.100   0.150   0.200   0.250   0.300   0.350   0.400   0.450   0.500   0.550   0.600   0.650   0.700   0.750   0.800   0.850   0.900   0.950   1.000   1.050   1.100   1.150   1.200   1.250   1.300   1.350   1.400   1.450   1.500   1.550   1.600   1.650   1.700   1.750   1.800
   0.0 -0.4000 -0.4000 -0.4000 -0.4000 -0.4000 -0.4000 -0.4000 -0.4000 -0.4000 -0.4000 -0.4000 -0.4000 -0.4000 -0.4000 -0.4000 -0.4000 -0.4000 -0.4000 -0.4000 -0.4000 -0.4000 -0.4000 -0.4000 -0.4000 -0.4000 -0.4000 -0.4000 -0.4000 -0.4000 -0.4000 -0.4000 -0.4000 -0.4000 -0.4000 -0.4000 -0.4000 -0.4000 -0.4000 -0.4000 -0.4000 -0.4000 -0.4000 -0.4000 -0.4000 -0.4000
  12.0 -0.4000 -0.3827 -0.3827 -0.3827 -0.3827 -0.3827 -0.3827 -0.3827 -0.3827 -0.3827 -0.3808 -0.3788 -0.3769 -0.3750 -0.3731 -0.3712 -0.3692 -0.3673 -0.3654 -0.3635 -0.3615 -0.3596 -0.3577 -0.3558 -0.3538 -0.3519 -0.3500 -0.3481 -0.3462 -0.3442 -0.3423 -0.3404 -0.3385 -0.3365 -0.3346 -0.3327 -0.3308 -0.3288 -0.3269 -0.3250 -0.3231 -0.3212 -0.3192 -0.3173 -0.3154
  24.0 -0.4000 -0.3654 -0.3654 -0.3654 -0.3654 -0.3654 -0.3654 -0.3654 -0.3654 -0.3654 -0.3615 -0.3577 -0.3538 -0.3500 -0.3462 -0.3423 -0.3385 -0.3346 -0.3308 -0.3269 -0.3231 -0.3192 -0.3154 -0.3115 -0.3077 -0.3038 -0.3000 -0.2962 -0.2923 -0.2885 -0.2846 -0.2808 -0.2769 -0.2731 -0.2692 -0.2654 -0.2615 -0.2577 -0.2538 -0.2500 -0.2462 -0.2423 -0.2385 -0.2346 -0.2308
  36.0 -0.4000 -0.3500 -0.3481 -0.3481 -0.3481 -0.3481 -0.3481 -0.3481 -0.3481 -0.3481 -0.3423 -0.3365 -0.3308 -0.3250 -0.3192 -0.3135 -0.3077 -0.3019 -0.2962 -0.2904 -0.2846 -0.2788 -0.2731 -0.2673 -0.2615 -0.2558 -0.2500 -0.2442 -0.2385 -0.2327 -0.2269 -0.2212 -0.2154 -0.2096 -0.2038 -0.1981 -0.1923 -0.1865 -0.1808 -0.1750 -0.1692 -0.1635 -0.1577 -0.1519 -0.1462
  48.0 -0.4000 -0.3500 -0.3308 -0.3308 -0.3308 -0.3308 -0.3308 -0.3308 -0.3308 -0.3308 -0.3231 -0.3154 -0.3077 -0.3000 -0.2923 -0.2846 -0.2769 -0.2692 -0.2615 -0.2538 -0.2462 -0.2385 -0.2308 -0.2231 -0.2154 -0.2077 -0.2000 -0.1923 -0.1846 -0.1769 -0.1692 -0.1615 -0.1538 -0.1462 -0.1385 -0.1308 -0.1231 -0.1154 -0.1077 -0.1000 -0.0923 -0.0846 -0.0769 -0.0692 -0.0615
  60.0 -0.4000 -0.3500 -0.3135 -0.3135 -0.3135 -0.3135 -0.3135 -0.3135 -0.3135 -0.3135 -0.3038 -0.2942 -0.2846 -0.2750 -0.2654 -0.2558 -0.2462 -0.2365 -0.2269 -0.2173 -0.2077 -0.1981 -0.1885 -0.1788 -0.1692 -0.1596 -0.1500 -0.1404 -0.1308 -0.1212 -0.1115 -0.1019 -0.0923 -0.0827 -0.0731 -0.0635 -0.0538 -0.0442 -0.0346 -0.0250 -0.0154 -0.0058  0.0038  0.0135  0.0231
  72.0 -0.4000 -0.3500 -0.3000 -0.2962 -0.2962 -0.2962 -0.2962 -0.2962 -0.2962 -0.2962 -0.2846 -0.2731 -0.2615 -0.2500 -0.2385 -0.2269 -0.2154 -0.2038 -0.1923 -0.1808 -0.1692 -0.1577 -0.1462 -0.1346 -0.1231 -0.1115 -0.1000 -0.0885 -0.0769 -0.0654 -0.0538 -0.0423 -0.0308 -0.0192 -0.0077  0.0038  0.0154  0.0269  0.0385  0.0500  0.0615  0.0731  0.0846  0.0962  0.1077
  84.0 -0.4000 -0.3500 -0.3000 -0.2788 -0.2788 -0.2788 -0.2788 -0.2788 -0.2788 -0.2788 -0.2654 -0.2519 -0.2385 -0.2250 -0.2115 -0.1981 -0.1846 -0.1712 -0.1577 -0.1442 -0.1308 -0.1173 -0.1038 -0.0904 -0.0769 -0.0635 -0.0500 -0.0365 -0.0231 -0.0096  0.0038  0.0173  0.0308  0.0442  0.0577  0.0712  0.0846  0.0981  0.1115  0.1250  0.1385  0.1519  0.1654  0.1788  0.1923
  96.0 -0.4000 -0.3500 -0.3000 -0.2615 -0.2615 -0.2615 -0.2615 -0.2615 -0.2615 -0.2615 -0.2462 -0.2308 -0.2154 -0.2000 -0.1846 -0.1692 -0.1538 -0.1385 -0.1231 -0.1077 -0.0923 -0.0769 -0.0615 -0.0462 -0.0308 -0.0154  0.0000  0.0154  0.0308  0.0462  0.0615  0.0769  0.0923  0.1077  0.1231  0.1385  0.1538  0.1692  0.1846  0.2000  0.2154  0.2308  0.2462  0.2615  0.2769
 108.0 -0.4000 -0.3500 -0.3000 -0.2500 -0.2442 -0.2442 -0.2442 -0.2442 -0.2442 -0.2442 -0.2269 -0.2096 -0.1923 -0.1750 -0.1577 -0.1404 -0.1231 -0.1058 -0.0885 -0.0712 -0.0538 -0.0365 -0.0192 -0.0019  0.0154  0.0327  0.0500  0.0673  0.0846  0.1019  0.1192  0.1365  0.1538  0.1712  0.1885  0.2058  0.2231  0.2404  0.2577  0.2750  0.2923  0.3096  0.3269  0.3442  0.3615
 120.0 -0.4000 -0.3500 -0.3000 -0.2500 -0.2269 -0.2269 -0.2269 -0.2269 -0.2269 -0.2269 -0.2077 -0.1885 -0.1692 -0.1500 -0.1308 -0.1115 -0.0923 -0.0731 -0.0538 -0.0346 -0.0154  0.0038  0.0231  0.0423  0.0615  0.0808  0.1000  0.1192  0.1385  0.1577  0.1769  0.1962  0.2154  0.2346  0.2538  0.2731  0.2923  0.3115  0.3308  0.3500  0.3692  0.3885  0.4077  0.4269  0.4462
 132.0 -0.4000 -0.3500 -0.3000 -0.2500 -0.2096 -0.2096 -0.2096 -0.2096 -0.2096 -0.2096 -0.1885 -0.1673 -0.1462 -0.1250 -0.1038 -0.0827 -0.0615 -0.0404 -0.0192  0.0019  0.0231  0.0442  0.0654  0.0865  0.1077  0.1288  0.1500  0.1712  0.1923  0.2135  0.2346  0.2558  0.2769  0.2981  0.3192  0.3404  0.3615  0.3827  0.4038  0.4250  0.4462  0.4673  0.4885  0.5096  0.5308
 144.0 -0.4000 -0.3500 -0.3000 -0.2500 -0.2000 -0.1923 -0.1923 -0.1923 -0.1923 -0.1923 -0.1692 -0.1462 -0.1231 -0.1000 -0.0769 -0.0538 -0.0308 -0.0077  0.0154  0.0385  0.0615  0.0846  0.1077  0.1308  0.1538  0.1769  0.2000  0.2231  0.2462  0.2692  0.2923  0.3154  0.3385  0.3615  0.3846  0.4077  0.4308  0.4538  0.4769  0.5000  0.5231  0.5462  0.5692  0.5923  0.6154
 156.0 -0.4000 -0.3500 -0.3000 -0.2500 -0.2000 -0.1750 -0.1750 -0.1750 -0.1750 -0.1750 -0.1500 -0.1250 -0.1000 -0.0750 -0.0500 -0.0250  0.0000  0.0250  0.0500  0.0750  0.1000  0.1250  0.1500  0.1750  0.2000  0.2250  0.2500  0.2750  0.3000  0.3250  0.3500  0.3750  0.4000  0.4250  0.4500  0.4750  0.5000  0.5250  0.5500  0.5750  0.6000  0.6250  0.6500  0.6750  0.7000
 168.0 -0.4000 -0.3500 -0.3000 -0.2500 -0.2000 -0.1577 -0.1577 -0.1577 -0.1577 -0.1577 -0.1308 -0.1038 -0.0769 -0.0500 -0.0231  0.0038  0.0308  0.0577  0.0846  0.1115  0.1385  0.1654  0.1923  0.2192  0.2462  0.2731  0.3000  0.3269  0.3538  0.3808  0.4077  0.4346  0.4615  0.4885  0.5154  0.5423  0.5692  0.5962  0.6231  0.6500  0.6769  0.7038  0.7308  0.7577  0.7846
 180.0 -0.4000 -0.3500 -0.3000 -0.2500 -0.2000 -0.1500 -0.1404 -0.1404 -0.1404 -0.1404 -0.1115 -0.0827 -0.0538 -0.0250  0.0038  0.0327  0.0615  0.0904  0.1192  0.1481  0.1769  0.2058  0.2346  0.2635  0.2923  0.3212  0.3500  0.3788  0.4077  0.4365  0.4654  0.4942  0.5231  0.5519  0.5808  0.6096  0.6385  0.6673  0.6962  0.7250  0.7538  0.7827  0.8115  0.8404  0.8692
 192.0 -0.4000 -0.3500 -0.3000 -0.2500 -0.2000 -0.1500 -0.1231 -0.1231 -0.1231 -0.1231 -0.0923 -0.0615 -0.0308  0.0000  0.0308  0.0615  0.0923  0.1231  0.1538  0.1846  0.2154  0.2462  0.2769  0.3077  0.3385  0.3692  0.4000  0.4308  0.4615  0.4923  0.5231  0.5538  0.5846  0.6154  0.6462  0.6769  0.7077  0.7385  0.7692  0.8000  0.8308  0.8615  0.8923  0.9231  0.9538
 204.0 -0.4000 -0.3500 -0.3000 -0.2500 -0.2000 -0.1500 -0.1058 -0.1058 -0.1058 -0.1058 -0.0731 -0.0404 -0.0077  0.0250  0.0577  0.0904  0.1231  0.1558  0.1885  0.2212  0.2538  0.2865  0.3192  0.3519  0.3846  0.4173  0.4500  0.4827  0.5154  0.5481  0.5808  0.6135  0.6462  0.6788  0.7115  0.7442  0.7769  0.8096  0.8423  0.8750  0.9077  0.9404  0.9731  1.0058  1.0385
 216.0 -0.4000 -0.3500 -0.3000 -0.2500 -0.2000 -0.1500 -0.1000 -0.0885 -0.0885 -0.0885 -0.0538 -0.0192  0.0154  0.0500  0.0846  0.1192  0.1538  0.1885  0.2231  0.2577  0.2923  0.3269  0.3615  0.3962  0.4308  0.4654  0.5000  0.5346  0.5692  0.6038  0.6385  0.6731  0.7077  0.7423  0.7769  0.8115  0.8462  0.8808  0.9154  0.9500  0.9846  1.0192  1.0538  1.0885  1.1231
 228.0 -0.4000 -0.3500 -0.3000 -0.2500 -0.2000 -0.1500 -0.1000 -0.0712 -0.0712 -0.0712 -0.0346  0.0019  0.0385  0.0750  0.1115  0.1481  0.1846  0.2212  0.2577  0.2942  0.3308  0.3673  0.4038  0.4404  0.4769  0.5135  0.5500  0.5865  0.6231  0.6596  0.6962  0.7327  0.7692  0.8058  0.8423  0.8788  0.9154  0.9519  0.9885  1.0250  1.0615  1.0981  1.1346  1.1712  1.2077
 240.0 -0.4000 -0.3500 -0.3000 -0.2500 -0.2000 -0.1500 -0.1000 -0.0538 -0.0538 -0.0538 -0.0154  0.0231  0.0615  0.1000  0.1385  0.1769  0.2154  0.2538  0.2923  0.3308  0.3692  0.4077  0.4462  0.4846  0.5231  0.5615  0.6000  0.6385  0.6769  0.7154  0.7538  0.7923  0.8308  0.8692  0.9077  0.9462  0.9846  1.0231  1.0615  1.1000  1.1385  1.1769  1.2154  1.2538  1.2923
 252.0 -0.4000 -0.3500 -0.3000 -0.2500 -0.2000 -0.1500 -0.1000 -0.0500 -0.0365 -0.0365  0.0038  0.0442  0.0846  0.1250  0.1654  0.2058  0.2462  0.2865  0.3269  0.3673  0.4077  0.4481  0.4885  0.5288  0.5692  0.6096  0.6500  0.6904  0.7308  0.7712  0.8115  0.8519  0.8923  0.9327  0.9731  1.0135  1.0538  1.0942  1.1346  1.1750  1.2154  1.2558  1.2962  1.3365  1.3769
 264.0 -0.4000 -0.3500 -0.3000 -0.2500 -0.2000 -0.1500 -0.1000 -0.0500 -0.0192 -0.0192  0.0231  0.0654  0.1077  0.1500  0.1923  0.2346  0.2769  0.3192  0.3615  0.4038  0.4462  0.4885  0.5308  0.5731  0.6154  0.6577  0.7000  0.7423  0.7846  0.8269  0.8692  0.9115  0.9538  0.9962  1.0385  1.0808  1.1231  1.1654  1.2077  1.2500  1.2923  1.3346  1.3769  1.4192  1.4615
 276.0 -0.4000 -0.3500 -0.3000 -0.2500 -0.2000 -0.1500 -0.1000 -0.0500 -0.0019 -0.0019  0.0423  0.0865  0.1308  0.1750  0.2192  0.2635  0.3077  0.3519  0.3962  0.4404  0.4846  0.5288  0.5731  0.6173  0.6615  0.7058  0.7500  0.7942  0.8385  0.8827  0.9269  0.9712  1.0154  1.0596  1.1038  1.1481  1.1923  1.2365  1.2808  1.3250  1.3692  1.4135  1.4577  1.5019  1.5462
 288.0 -0.4000 -0.3500 -0.3000 -0.2500 -0.2000 -0.1500 -0.1000 -0.0500  0.0000  0.0154  0.0615  0.1077  0.1538  0.2000  0.2462  0.2923  0.3385  0.3846  0.4308  0.4769  0.5231  0.5692  0.6154  0.6615  0.7077  0.7538  0.8000  0.8462  0.8923  0.9385  0.9846  1.0308  1.0769  1.1231  1.1692  1.2154  1.2615  1.3077  1.3538  1.4000  1.4462  1.4923  1.5385  1.5846  1.6308
 300.0 -0.4000 -0.3500 -0.3000 -0.2500 -0.2000 -0.1500 -0.1000 -0.0500  0.0000  0.0327  0.0808  0.1288  0.1769  0.2250  0.2731  0.3212  0.3692  0.4173  0.4654  0.5135  0.5615  0.6096  0.6577  0.7058  0.7538  0.8019  0.8500  0.8981  0.9462  0.9942  1.0423  1.0904  1.1385  1.1865  1.2346  1.2827  1.3308  1.3788  1.4269  1.4750  1.5231  1.5712  1.6192  1.6673  1.7154
 312.0 -0.4000 -0.3500 -0.3000 -0.2500 -0.2000 -0.1500 -0.1000 -0.0500  0.0000  0.0500  0.1000  0.1500  0.2000  0.2500  0.3000  0.3500  0.4000  0.4500  0.5000  0.5500  0.6000  0.6500  0.7000  0.7500  0.8000  0.8500  0.9000  0.9500  1.0000  1.0500  1.1000  1.1500  1.2000  1.2500  1.3000  1.3500  1.4000  1.4500  1.5000  1.5500  1.6000  1.6500  1.7000  1.7500  1.8000
 324.0 -0.4000 -0.3500 -0.3000 -0.2500 -0.2000 -0.1500 -0.1000 -0.0500  0.0000  0.0500  0.1000  0.1500  0.2000  0.2500  0.3000  0.3500  0.4000  0.4500  0.5000  0.5500  0.6000  0.6500  0.7000  0.7500  0.8000  0.8500  0.9000  0.9500  1.0000  1.0500  1.1000  1.1500  1.2000  1.2500  1.3000  1.3500  1.4000  1.4500  1.5000  1.5500  1.6000  1.6500  1.7000  1.7500  1.8000
 336.0 -0.4000 -0.3500 -0.3000 -0.2500 -0.2000 -0.1500 -0.1000 -0.0500  0.0000  0.0500  0.1000  0.1500  0.2000  0.2500  0.3000  0.3500  0.4000  0.4500  0.5000  0.5500  0.6000  0.6500  0.7000  0.7500  0.8000  0.8500  0.9000  0.9500  1.0000  1.0500  1.1000  1.1500  1.2000  1.2500  1.3000  1.3500  1.4000  1.4500  1.5000  1.5500  1.6000  1.6500  1.7000  1.7500  1.8000
 348.0 -0.4000 -0.3500 -0.3000 -0.2500 -0.2000 -0.1500 -0.1000 -0.0500  0.0000  0.0500  0.1000  0.1500  0.2000  0.2500  0.3000  0.3500  0.4000  0.4500  0.5000  0.5500  0.6000  0.6500  0.7000  0.7500  0.8000  0.8500  0.9000  0.9500  1.0000  1.0500  1.1000  1.1500  1.2000  1.2500  1.3000  1.3500  1.4000  1.4500  1.5000  1.5500  1.6000  1.6500  1.7000  1.7500  1.8000
 360.0 -0.4000 -0.3500 -0.3000 -0.2500 -0.2000 -0.1500 -0.1000 -0.0500  0.0000  0.0500  0.1000  0.1500  0.2000  0.2500  0.3000  0.3500  0.4000  0.4500  0.5000  0.5500  0.6000  0.6500  0.7000  0.7500  0.8000  0.8500  0.9000  0.9500  1.0000  1.0500  1.1000  1.1500  1.2000  1.2500  1.3000  1.3500  1.4000  1.4500  1.5000  1.5500  1.6000  1.6500  1.7000  1.7500  1.8000
 372.0 -0.4000 -0.3500 -0.3000 -0.2500 -0.2000 -0.1500 -0.1000 -0.0500  0.0000  0.0500  0.1000  0.1500  0.2000  0.2500  0.3000  0.3500  0.4000  0.4500  0.5000  0.5500  0.6000  0.6500  0.7000  0.7500  0.8000  0.8500  0.9000  0.9500  1.0000  1.0500  1.1000  1.1500  1.2000  1.2500  1.3000  1.3500  1.4000  1.4500  1.5000  1.5500  1.6000  1.6500  1.7000  1.7500  1.8000
 384.0 -0.4000 -0.3500 -0.3000 -0.2500 -0.2000 -0.1500 -0.1000 -0.0500  0.0000  0.0500  0.1000  0.1500  0.2000  0.2500  0.3000  0.3500  0.4000  0.4500  0.5000  0.5500  0.6000  0.6500  0.7000  0.7500  0.8000  0.8500  0.9000  0.9500  1.0000  1.0500  1.1000  1.1500  1.2000  1.2500  1.3000  1.3500  1.4000  1.4500  1.5000  1.5500  1.6000  1.6500  1.7000  1.7500  1.8000
 396.0 -0.4000 -0.3500 -0.3000 -0.2500 -0.2000 -0.1500 -0.1000 -0.0500  0.0000  0.0500  0.1000  0.1500  0.2000  0.2500  0.3000  0.3500  0.4000  0.4500  0.5000  0.5500  0.6000  0.6500  0.7000  0.7500  0.8000  0.8500  0.9000  0.9500  1.0000  1.0500  1.1000  1.1500  1.2000  1.2500  1.3000  1.3500  1.4000  1.4500  1.5000  1.5500  1.6000  1.6500  1.7000  1.7500  1.8000
 408.0 -0.4000 -0.3500 -0.3000 -0.2500 -0.2000 -0.1500 -0.1000 -0.0500  0.0000  0.0500  0.1000  0.1500  0.2000  0.2500  0.3000  0.3500  0.4000  0.4500  0.5000  0.5500  0.6000  0.6500  0.7000  0.7500  0.8000  0.8500  0.9000  0.9500  1.0000  1.0500  1.1000  1.1500  1.2000  1.2500  1.3000  1.3500  1.4000  1.4500  1.5000  1.5500  1.6000  1.6500  1.7000  1.7500  1.8000
 420.0 -0.4000 -0.3500 -0.3000 -0.2500 -0.2000 -0.1500 -0.1000 -0.0500  0.0000  0.0327  0.0808  0.1288  0.1769  0.2250  0.2731  0.3212  0.3692  0.4173  0.4654  0.5135  0.5615  0.6096  0.6577  0.7058  0.7538  0.8019  0.8500  0.8981  0.9462  0.9942  1.0423  1.0904  1.1385  1.1865  1.2346  1.2827  1.3308  1.3788  1.4269  1.4750  1.5231  1.5712  1.6192  1.6673  1.7154
 432.0 -0.4000 -0.3500 -0.3000 -0.2500 -0.2000 -0.1500 -0.1000 -0.0500  0.0000  0.0154  0.0615  0.1077  0.1538  0.2000  0.2462  0.2923  0.3385  0.3846  0.4308  0.4769  0.5231  0.5692  0.6154  0.6615  0.7077  0.7538  0.8000  0.8462  0.8923  0.9385  0.9846  1.0308  1.0769  1.1231  1.1692  1.2154  1.2615  1.3077  1.3538  1.4000  1.4462  1.4923  1.5385  1.5846  1.6308
 444.0 -0.4000 -0.3500 -0.3000 -0.2500 -0.2000 -0.1500 -0.1000 -0.0500 -0.0019 -0.0019  0.0423  0.0865  0.1308  0.1750  0.2192  0.2635  0.3077  0.3519  0.3962  0.4404  0.4846  0.5288  0.5731  0.6173  0.6615  0.7058  0.7500  0.7942  0.8385  0.8827  0.9269  0.9712  1.0154  1.0596  1.1038  1.1481  1.1923  1.2365  1.2808  1.3250  1.3692  1.4135  1.4577  1.5019  1.5462
 456.0 -0.4000 -0.3500 -0.3000 -0.2500 -0.2000 -0.1500 -0.1000 -0.0500 -0.0192 -0.0192  0.0231  0.0654  0.1077  0.1500  0.1923  0.2346  0.2769  0.3192  0.3615  0.4038  0.4462  0.4885  0.5308  0.5731  0.6154  0.6577  0.7000  0.7423  0.7846  0.8269  0.8692  0.9115  0.9538  0.9962  1.0385  1.0808  1.1231  1.1654  1.2077  1.2500  1.2923  1.3346  1.3769  1.4192  1.4615
 468.0 -0.4000 -0.3500 -0.3000 -0.2500 -0.2000 -0.1500 -0.1000 -0.0500 -0.0365 -0.0365  0.0038  0.0442  0.0846  0.1250  0.1654  0.2058  0.2462  0.2865  0.3269  0.3673  0.4077  0.4481  0.4885  0.5288  0.5692  0.6096  0.6500  0.6904  0.7308  0.7712  0.8115  0.8519  0.8923  0.9327  0.9731  1.0135  1.0538  1.0942  1.1346  1.1750  1.2154  1.2558  1.2962  1.3365  1.3769
 480.0 -0.4000 -0.3500 -0.3000 -0.2500 -0.2000 -0.1500 -0.1000 -0.0538 -0.0538 -0.0538 -0.0154  0.0231  0.0615  0.1000  0.1385  0.1769  0.2154  0.2538  0.2923  0.3308  0.3692  0.4077  0.4462  0.4846  0.5231  0.5615  0.6000  0.6385  0.6769  0.7154  0.7538  0.7923  0.8308  0.8692  0.9077  0.9462  0.9846  1.0231  1.0615  1.1000  1.1385  1.1769  1.2154  1.2538  1.2923
 492.0 -0.4000 -0.3500 -0.3000 -0.2500 -0.2000 -0.1500 -0.1000 -0.0712 -0.0712 -0.0712 -0.0346  0.0019  0.0385  0.0750  0.1115  0.1481  0.1846  0.2212  0.2577  0.2942  0.3308  0.3673  0.4038  0.4404  0.4769  0.5135  0.5500  0.5865  0.6231  0.6596  0.6962  0.7327  0.7692  0.8058  0.8423  0.8788  0.9154  0.9519  0.9885  1.0250  1.0615  1.0981  1.1346  1.1712  1.2077
 504.0 -0.4000 -0.3500 -0.3000 -0.2500 -0.2000 -0.1500 -0.1000 -0.0885 -0.0885 -0.0885 -0.0538 -0.0192  0.0154  0.0500  0.0846  0.1192  0.1538  0.1885  0.2231  0.2577  0.2923  0.3269  0.3615  0.3962  0.4308  0.4654  0.5000  0.5346  0.5692  0.6038  0.6385  0.6731  0.7077  0.7423  0.7769  0.8115  0.8462  0.8808  0.9154  0.9500  0.9846  1.0192  1.0538  1.0885  1.1231
 516.0 -0.4000 -0.3500 -0.3000 -0.2500 -0.2000 -0.1500 -0.1058 -0.1058 -0.1058 -0.1058 -0.0731 -0.0404 -0.0077  0.0250  0.0577  0.0904  0.1231  0.1558  0.1885  0.2212  0.2538  0.2865  0.3192  0.3519  0.3846  0.4173  0.4500  0.4827  0.5154  0.5481  0.5808  0.6135  0.6462  0.6788  0.7115  0.7442  0.7769  0.8096  0.8423  0.8750  0.9077  0.9404  0.9731  1.0058  1.0385
 528.0 -0.4000 -0.3500 -0.3000 -0.2500 -0.2000 -0.1500 -0.1231 -0.1231 -0.1231 -0.1231 -0.0923 -0.0615 -0.0308  0.0000  0.0308  0.0615  0.0923  0.1231  0.1538  0.1846  0.2154  0.2462  0.2769  0.3077  0.3385  0.3692  0.4000  0.4308  0.4615  0.4923  0.5231  0.5538  0.5846  0.6154  0.6462  0.6769  0.7077  0.7385  0.7692  0.8000  0.8308  0.8615  0.8923  0.9231  0.9538
 540.0 -0.4000 -0.3500 -0.3000 -0.2500 -0.2000 -0.1500 -0.1404 -0.1404 -0.1404 -0.1404 -0.1115 -0.0827 -0.0538 -0.0250  0.0038  0.0327  0.0615  0.0904  0.1192  0.1481  0.1769  0.2058  0.2346  0.2635  0.2923  0.3212  0.3500  0.3788  0.4077  0.4365  0.4654  0.4942  0.5231  0.5519  0.5808  0.6096  0.6385  0.6673  0.6962  0.7250  0.7538  0.7827  0.8115  0.8404  0.8692
 552.0 -0.4000 -0.3500 -0.3000 -0.2500 -0.2000 -0.1577 -0.1577 -0.1577 -0.1577 -0.1577 -0.1308 -0.1038 -0.0769 -0.0500 -0.0231  0.0038  0.0308  0.0577  0.0846  0.1115  0.1385  0.1654  0.1923  0.2192  0.2462  0.2731  0.3000  0.3269  0.3538  0.3808  0.4077  0.4346  0.4615  0.4885  0.5154  0.5423  0.5692  0.5962  0.6231  0.6500  0.6769  0.7038  0.7308  0.7577  0.7846
 564.0 -0.4000 -0.3500 -0.3000 -0.2500 -0.2000 -0.1750 -0.1750 -0.1750 -0.1750 -0.1750 -0.1500 -0.1250 -0.1000 -0.0750 -0.0500 -0.0250  0.0000  0.0250  0.0500  0.0750  0.1000  0.1250  0.1500  0.1750  0.2000  0.2250  0.2500  0.2750  0.3000  0.3250  0.3500  0.3750  0.4000  0.4250  0.4500  0.4750  0.5000  0.5250  0.5500  0.5750  0.6000  0.6250  0.6500  0.6750  0.7000
 576.0 -0.4000 -0.3500 -0.3000 -0.2500 -0.2000 -0.1923 -0.1923 -0.1923 -0.1923 -0.1923 -0.1692 -0.1462 -0.1231 -0.1000 -0.0769 -0.0538 -0.0308 -0.0077  0.0154  0.0385  0.0615  0.0846  0.1077  0.1308  0.1538  0.1769  0.2000  0.2231  0.2462  0.2692  0.2923  0.3154  0.3385  0.3615  0.3846  0.4077  0.4308  0.4538  0.4769  0.5000  0.5231  0.5462  0.5692  0.5923  0.6154
 588.0 -0.4000 -0.3500 -0.3000 -0.2500 -0.2096 -0.2096 -0.2096 -0.2096 -0.2096 -0.2096 -0.1885 -0.1673 -0.1462 -0.1250 -0.1038 -0.0827 -0.0615 -0.0404 -0.0192  0.0019  0.0231  0.0442  0.0654  0.0865  0.1077  0.1288  0.1500  0.1712  0.1923  0.2135  0.2346  0.2558  0.2769  0.2981  0.3192  0.3404  0.3615  0.3827  0.4038  0.4250  0.4462  0.4673  0.4885  0.5096  0.5308
 600.0 -0.4000 -0.3500 -0.3000 -0.2500 -0.2269 -0.2269 -0.2269 -0.2269 -0.2269 -0.2269 -0.2077 -0.1885 -0.1692 -0.1500 -0.1308 -0.1115 -0.0923 -0.0731 -0.0538 -0.0346 -0.0154  0.0038  0.0231  0.0423  0.0615  0.0808  0.1000  0.1192  0.1385  0.1577  0.1769  0.1962  0.2154  0.2346  0.2538  0.2731  0.2923  0.3115  0.3308  0.3500  0.3692  0.3885  0.4077  0.4269  0.4462
 612.0 -0.4000 -0.3500 -0.3000 -0.2500 -0.2442 -0.2442 -0.2442 -0.2442 -0.2442 -0.2442 -0.2269 -0.2096 -0.1923 -0.1750 -0.1577 -0.1404 -0.1231 -0.1058 -0.0885 -0.0712 -0.0538 -0.0365 -0.0192 -0.0019  0.0154  0.0327  0.0500  0.0673  0.0846  0.1019  0.1192  0.1365  0.1538  0.1712  0.1885  0.2058  0.2231  0.2404  0.2577  0.2750  0.2923  0.3096  0.3269  0.3442  0.3615
 624.0 -0.4000 -0.3500 -0.3000 -0.2615 -0.2615 -0.2615 -0.2615 -0.2615 -0.2615 -0.2615 -0.2462 -0.2308 -0.2154 -0.2000 -0.1846 -0.1692 -0.1538 -0.1385 -0.1231 -0.1077 -0.0923 -0.0769 -0.0615 -0.0462 -0.0308 -0.0154  0.0000  0.0154  0.0308  0.0462  0.0615  0.0769  0.0923  0.1077  0.1231  0.1385  0.1538  0.1692  0.1846  0.2000  0.2154  0.2308  0.2462  0.2615  0.2769
 636.0 -0.4000 -0.3500 -0.3000 -0.2788 -0.2788 -0.2788 -0.2788 -0.2788 -0.2788 -0.2788 -0.2654 -0.2519 -0.2385 -0.2250 -0.2115 -0.1981 -0.1846 -0.1712 -0.1577 -0.1442 -0.1308 -0.1173 -0.1038 -0.0904 -0.0769 -0.0635 -0.0500 -0.0365 -0.0231 -0.0096  0.0038  0.0173  0.0308  0.0442  0.0577  0.0712  0.0846  0.0981  0.1115  0.1250  0.1385  0.1519  0.1654  0.1788  0.1923
 648.0 -0.4000 -0.3500 -0.3000 -0.2962 -0.2962 -0.2962 -0.2962 -0.2962 -0.2962 -0.2962 -0.2846 -0.2731 -0.2615 -0.2500 -0.2385 -0.2269 -0.2154 -0.2038 -0.1923 -0.1808 -0.1692 -0.1577 -0.1462 -0.1346 -0.1231 -0.1115 -0.1000 -0.0885 -0.0769 -0.0654 -0.0538 -0.0423 -0.0308 -0.0192 -0.0077  0.0038  0.0154  0.0269  0.0385  0.0500  0.0615  0.0731  0.0846  0.0962  0.1077
 660.0 -0.4000 -0.3500 -0.3135 -0.3135 -0.3135 -0.3135 -0.3135 -0.3135 -0.3135 -0.3135 -0.3038 -0.2942 -0.2846 -0.2750 -0.2654 -0.2558 -0.2462 -0.2365 -0.2269 -0.2173 -0.2077 -0.1981 -0.1885 -0.1788 -0.1692 -0.1596 -0.1500 -0.1404 -0.1308 -0.1212 -0.1115 -0.1019 -0.0923 -0.0827 -0.0731 -0.0635 -0.0538 -0.0442 -0.0346 -0.0250 -0.0154 -0.0058  0.0038  0.0135  0.0231
 672.0 -0.4000 -0.3500 -0.3308 -0.3308 -0.3308 -0.3308 -0.3308 -0.3308 -0.3308 -0.3308 -0.3231 -0.3154 -0.3077 -0.3000 -0.2923 -0.2846 -0.2769 -0.2692 -0.2615 -0.2538 -0.2462 -0.2385 -0.2308 -0.2231 -0.2154 -0.2077 -0.2000 -0.1923 -0.1846 -0.1769 -0.1692 -0.1615 -0.1538 -0.1462 -0.1385 -0.1308 -0.1231 -0.1154 -0.1077 -0.1000 -0.0923 -0.0846 -0.0769 -0.0692 -0.0615
 684.0 -0.4000 -0.3500 -0.3481 -0.3481 -0.3481 -0.3481 -0.3481 -0.3481 -0.3481 -0.3481 -0.3423 -0.3365 -0.3308 -0.3250 -0.3192 -0.3135 -0.3077 -0.3019 -0.2962 -0.2904 -0.2846 -0.2788 -0.2731 -0.2673 -0.2615 -0.2558 -0.2500 -0.2442 -0.2385 -0.2327 -0.2269 -0.2212 -0.2154 -0.2096 -0.2038 -0.1981 -0.1923 -0.1865 -0.1808 -0.1750 -0.1692 -0.1635 -0.1577 -0.1519 -0.1462
 696.0 -0.4000 -0.3654 -0.3654 -0.3654 -0.3654 -0.3654 -0.3654 -0.3654 -0.3654 -0.3654 -0.3615 -0.3577 -0.3538 -0.3500 -0.3462 -0.3423 -0.3385 -0.3346 -0.3308 -0.3269 -0.3231 -0.3192 -0.3154 -0.3115 -0.3077 -0.3038 -0.3000 -0.2962 -0.2923 -0.2885 -0.2846 -0.2808 -0.2769 -0.2731 -0.2692 -0.2654 -0.2615 -0.2577 -0.2538 -0.2500 -0.2462 -0.2423 -0.2385 -0.2346 -0.2308
 708.0 -0.4000 -0.3827 -0.3827 -0.3827 -0.3827 -0.3827 -0.3827 -0.3827 -0.3827 -0.3827 -0.3808 -0.3788 -0.3769 -0.3750 -0.3731 -0.3712 -0.3692 -0.3673 -0.3654 -0.3635 -0.3615 -0.3596 -0.3577 -0.3558 -0.3538 -0.3519 -0.3500 -0.3481 -0.3462 -0.3442 -0.3423 -0.3404 -0.3385 -0.3365 -0.3346 -0.3327 -0.3308 -0.3288 -0.3269 -0.3250 -0.3231 -0.3212 -0.3192 -0.3173 -0.3154
 720.0 -0.4000 -0.4000 -0.4000 -0.4000 -0.4000 -0.4000 -0.4000 -0.4000 -0.4000 -0.4000 -0.4000 -0.4000 -0.4000 -0.4000 -0.4000 -0.4000 -0.4000 -0.4000 -0.4000 -0.4000 -0.4000 -0.4000 -0.4000 -0.4000 -0.4000 -0.4000 -0.4000 -0.4000 -0.4000 -0.4000 -0.4000 -0.4000 -0.4000 -0.4000 -0.4000 -0.4000 -0.4000 -0.4000 -0.4000 -0.4000 -0.4000 -0.4000 -0.4000 -0.4000 -0.4000
